,time,arrival_id,delivery_id,promise_time,delivery_fee,merchant_latitude,merchant_longitude,user_latitude,user_longitude
685,0,18.0,18.0,30.0,4.4,31.2167,121.4811,31.2115,121.4899
29112,0,75.0,41.0,66.0,7.5,31.2728,121.4597,31.2478,121.4134
30395,0,12.0,12.0,30.0,3.9,31.2165,121.4222,31.2168,121.4275
16084,0,18.0,9.0,36.0,4.6000000000000005,31.2129,121.4862,31.2018,121.4913
4915,0,12.0,12.0,28.0,4.0,31.2117,121.4299,31.2195,121.4266
12977,0,75.0,43.0,54.0,7.0,31.2761,121.4514,31.2433,121.432
5220,1,6.0,8.0,34.0,4.9,31.2048,121.4696,31.2093,121.4864
8950,1,75.0,65.0,31.0,4.6,31.2728,121.4597,31.2639,121.457
8989,1,75.0,65.0,36.0,4.800000000000001,31.2716,121.4597,31.2617,121.4517
21690,1,75.0,65.0,32.0,4.0,31.2779,121.4523,31.269,121.4561
35037,1,75.0,76.0,30.0,3.8,31.2747,121.4527,31.272,121.4627
17800,1,46.0,55.0,36.0,4.6,31.2432,121.4674,31.2526,121.4525
26758,2,15.0,13.0,40.0,4.9,31.2108,121.454,31.213,121.431
8279,2,75.0,64.0,39.0,5.0,31.2778,121.4518,31.2615,121.4435
29826,2,13.0,3.0,36.0,5.3,31.216,121.4381,31.2,121.4386
22938,2,48.0,58.0,30.0,4.4,31.2459,121.4837,31.256,121.4869
34703,2,71.0,60.0,30.0,4.4,31.2727,121.4137,31.2668,121.4081
5737,3,2.0,3.0,32.0,4.7,31.2041,121.425,31.202,121.4383
10815,3,58.0,58.0,24.0,3.4000000000000004,31.2513,121.4844,31.2525,121.4854
20829,3,61.0,50.0,40.0,5.4,31.27,121.4154,31.2523,121.4014
8267,3,75.0,63.0,40.0,4.8,31.2713,121.4523,31.2652,121.4301
37465,4,25.0,5.0,43.0,5.800000000000001,31.2296,121.4546,31.2059,121.4508
19876,4,67.0,66.0,29.0,3.7,31.2687,121.4721,31.2642,121.47
27579,4,57.0,57.0,29.0,4.3,31.2515,121.4771,31.2599,121.4799
4771,4,67.0,55.0,38.0,4.8,31.2691,121.4713,31.2579,121.4535
18728,4,10.0,2.0,45.0,5.4,31.2112,121.4006,31.2011,121.4288
24725,4,25.0,5.0,32.0,4.4,31.2211,121.4565,31.2089,121.456
2099,4,57.0,57.0,27.0,3.7,31.2555,121.4761,31.2574,121.4708
2359,5,75.0,65.0,26.0,3.9,31.2713,121.4532,31.2697,121.454
11589,5,71.0,60.0,35.0,4.5,31.2786,121.4165,31.2681,121.4084
29786,5,12.0,1.0,34.0,4.5,31.2178,121.425,31.2074,121.4113
34174,5,12.0,12.0,27.0,4.1,31.2131,121.4294,31.2128,121.4226
12184,5,13.0,13.0,24.0,4.0,31.2102,121.4391,31.2135,121.4367
36544,5,24.0,34.0,39.0,5.0,31.2216,121.4493,31.2392,121.4489
25067,6,12.0,11.0,28.0,4.1,31.2178,121.425,31.2155,121.4183
8790,6,75.0,73.0,40.0,4.699999999999999,31.2799,121.4537,31.274,121.4362
11348,6,75.0,55.0,40.0,5.5,31.2764,121.4598,31.2585,121.4529
17812,6,13.0,34.0,45.0,5.5,31.2138,121.4308,31.2393,121.4405
36863,7,75.0,65.0,30.0,4.5,31.2704,121.4521,31.2613,121.4563
19527,7,33.0,33.0,32.0,3.9,31.2388,121.4312,31.2305,121.4323
9157,7,24.0,34.0,27.0,4.2,31.2267,121.4488,31.2329,121.4488
34637,7,24.0,34.0,34.0,4.800000000000001,31.2259,121.45,31.2367,121.442
12719,7,12.0,12.0,26.0,3.7,31.2178,121.425,31.216,121.4236
9004,7,75.0,84.0,31.0,4.6,31.2781,121.4502,31.285,121.4418
21534,8,75.0,73.0,36.0,5.199999999999999,31.2778,121.4518,31.2785,121.4312
19181,8,54.0,54.0,30.0,4.2,31.2597,121.4412,31.2584,121.4482
8773,8,75.0,73.0,42.0,5.2,31.2764,121.4598,31.2771,121.4315
33528,8,61.0,71.0,34.0,4.6000000000000005,31.2651,121.4146,31.2769,121.4138
36871,8,75.0,54.0,48.0,5.9,31.279,121.4546,31.2506,121.445
32790,8,35.0,33.0,40.0,5.5,31.2343,121.4579,31.2336,121.4367
21936,9,24.0,25.0,34.0,4.6,31.2252,121.4493,31.2203,121.4588
1277,9,15.0,17.0,45.0,5.3,31.2192,121.4517,31.2123,121.4776
26757,9,15.0,17.0,36.0,5.0,31.2108,121.454,31.2134,121.4711
22190,9,71.0,61.0,34.0,4.2,31.2761,121.4138,31.2635,121.4127
29968,9,33.0,44.0,37.0,4.8,31.2349,121.4303,31.2495,121.4416
7399,10,61.0,70.0,38.0,5.199999999999999,31.2619,121.418,31.2715,121.4016
29216,10,13.0,13.0,29.0,3.7,31.2104,121.4345,31.2149,121.4392
31460,10,33.0,44.0,36.0,4.9,31.231,121.4369,31.2484,121.4409
36205,10,35.0,34.0,38.0,5.1000000000000005,31.2344,121.4596,31.2387,121.4422
30938,10,13.0,12.0,35.0,5.0,31.2104,121.4345,31.2194,121.4224
7490,11,24.0,13.0,38.0,5.5,31.2297,121.4415,31.2136,121.4314
31929,11,99.0,89.0,32.0,4.4,31.2929,121.4992,31.2852,121.4929
15006,11,31.0,41.0,32.0,4.5,31.236,121.4163,31.2442,121.4162
2406,11,75.0,74.0,36.0,4.6000000000000005,31.2797,121.4558,31.2764,121.4409
4527,11,89.0,87.0,41.0,5.2,31.2883,121.499,31.283,121.4761
2396,11,75.0,64.0,38.0,4.6,31.2795,121.4575,31.269,121.442
32899,11,12.0,12.0,33.0,4.9,31.2102,121.4286,31.2197,121.4207
28060,12,33.0,44.0,34.0,4.3,31.231,121.4369,31.2425,121.4417
26727,12,75.0,55.0,49.0,6.199999999999999,31.2779,121.4523,31.25,121.4503
26618,12,75.0,84.0,30.0,4.5,31.2779,121.4547,31.2861,121.4482
13988,12,75.0,65.0,34.0,4.9,31.2788,121.4563,31.2651,121.4514
20732,12,24.0,24.0,28.0,4.0,31.2204,121.4481,31.2248,121.4423
2580,12,33.0,44.0,43.0,5.2,31.2305,121.4318,31.2493,121.4468
11667,12,71.0,71.0,27.0,4.0,31.2706,121.4147,31.2744,121.419
5117,13,7.0,17.0,30.0,4.7,31.2084,121.474,31.2172,121.4797
30597,13,7.0,17.0,30.0,4.1,31.2097,121.4792,31.2175,121.4734
17857,13,7.0,17.0,30.0,4.1,31.2025,121.4797,31.212,121.478
24281,13,69.0,58.0,26.0,3.5,31.2618,121.4906,31.2598,121.4885
16114,13,68.0,77.0,33.0,4.800000000000001,31.2656,121.4871,31.2724,121.4762
33882,13,18.0,18.0,32.0,4.0,31.2192,121.4808,31.2106,121.4891
29825,13,13.0,11.0,44.0,5.7,31.2106,121.4369,31.2131,121.4109
31920,14,54.0,54.0,26.0,4.0,31.2597,121.4484,31.2574,121.4455
13694,14,25.0,5.0,39.0,5.1,31.226,121.4521,31.2077,121.4532
6531,14,15.0,14.0,38.0,4.6000000000000005,31.2163,121.4588,31.215,121.4429
28278,14,75.0,86.0,40.0,5.5,31.273,121.4573,31.29,121.4646
7645,14,75.0,74.0,32.0,4.5,31.2795,121.4575,31.2753,121.4452
9224,14,61.0,60.0,30.0,4.2,31.2619,121.418,31.2627,121.4059
12508,14,48.0,37.0,36.0,5.1000000000000005,31.2425,121.4824,31.2315,121.4712
25278,14,10.0,11.0,33.0,4.7,31.2112,121.4006,31.2171,121.4105
20357,14,75.0,63.0,41.0,5.3,31.2772,121.453,31.2681,121.4339
37345,15,75.0,86.0,36.0,4.8,31.2764,121.457,31.289,121.47
36629,15,35.0,26.0,28.0,3.8,31.2325,121.4592,31.2291,121.4682
30546,15,13.0,13.0,26.0,4.1,31.2133,121.4319,31.213,121.4346
5044,15,24.0,34.0,33.0,4.3,31.2233,121.4449,31.2331,121.4454
11865,15,75.0,86.0,38.0,5.1,31.2701,121.4523,31.2879,121.4609
24860,15,48.0,48.0,27.0,3.7,31.2425,121.4824,31.2487,121.4854
5026,15,56.0,45.0,35.0,4.4,31.2516,121.4647,31.2472,121.4506
34488,16,68.0,67.0,28.0,4.4,31.2644,121.4848,31.2672,121.4765
9553,16,75.0,77.0,43.0,5.2,31.2778,121.4566,31.2723,121.4799
34619,16,75.0,53.0,46.0,5.8,31.2743,121.4511,31.2525,121.4304
35033,16,75.0,77.0,41.0,5.0,31.2701,121.4523,31.2757,121.477
487,16,45.0,43.0,39.0,4.9,31.2495,121.4592,31.2424,121.4399
5623,16,24.0,16.0,42.0,5.6000000000000005,31.2214,121.4423,31.2146,121.4675
3240,16,76.0,75.0,39.0,5.3,31.2759,121.4696,31.2764,121.4502
22291,16,75.0,75.0,28.0,3.6,31.2767,121.45,31.2708,121.4509
29843,17,75.0,74.0,30.0,4.1,31.2751,121.4579,31.2764,121.4469
36173,17,15.0,14.0,29.0,4.5,31.2192,121.4517,31.2158,121.4433
11031,17,75.0,50.0,64.0,7.5,31.2779,121.4523,31.2529,121.4047
29855,17,75.0,63.0,39.0,4.8,31.2706,121.4532,31.2698,121.4342
17906,17,11.0,2.0,36.0,4.5,31.2188,121.4152,31.2063,121.4251
10690,17,15.0,4.0,38.0,4.8,31.211,121.4567,31.2003,121.4417
37429,18,12.0,22.0,34.0,5.1000000000000005,31.2117,121.4299,31.226,121.4223
4528,18,88.0,89.0,36.0,4.2,31.2876,121.4881,31.2812,121.4994
6667,18,75.0,76.0,30.0,4.6,31.2751,121.4579,31.2715,121.468
8047,18,61.0,60.0,36.0,4.699999999999999,31.2635,121.4193,31.2685,121.4007
28028,18,75.0,75.0,26.0,4.2,31.275,121.4573,31.2706,121.4546
27019,19,88.0,79.0,34.0,4.2,31.2876,121.4881,31.2756,121.4941
19398,19,75.0,87.0,46.0,5.6000000000000005,31.2713,121.4532,31.2872,121.4731
2369,19,75.0,55.0,46.0,5.2,31.2737,121.4593,31.2511,121.4549
89,19,44.0,44.0,27.0,3.6,31.2421,121.4471,31.2426,121.4426
11146,19,24.0,14.0,26.0,3.9,31.2211,121.4432,31.2158,121.4426
1708,19,57.0,46.0,36.0,4.9,31.2539,121.4757,31.2483,121.4611
37441,19,15.0,24.0,41.0,5.0,31.2132,121.4588,31.224,121.4402
29642,19,57.0,58.0,30.0,4.5,31.2565,121.4763,31.2517,121.4862
22668,19,80.0,81.0,33.0,4.800000000000001,31.2867,121.4038,31.2874,121.4182
22851,20,17.0,6.0,41.0,5.1,31.2193,121.4794,31.2045,121.466
4923,20,56.0,56.0,26.0,3.4000000000000004,31.2571,121.4627,31.2566,121.4604
2268,20,31.0,32.0,30.0,4.3,31.2359,121.4171,31.2315,121.4281
31759,20,97.0,98.0,36.0,4.800000000000001,31.293,121.47,31.2925,121.4874
9938,20,80.0,81.0,35.0,4.2,31.2867,121.4038,31.2857,121.419
35636,20,10.0,12.0,39.0,5.4,31.2115,121.4025,31.2197,121.4237
30219,21,75.0,55.0,42.0,5.0,31.2701,121.452,31.2515,121.4581
22525,21,75.0,64.0,32.0,4.7,31.2718,121.457,31.2669,121.4477
4548,21,12.0,22.0,27.0,3.7,31.2178,121.425,31.2202,121.4264
9768,21,75.0,73.0,45.0,5.7,31.2718,121.457,31.2784,121.4303
14955,21,6.0,5.0,30.0,4.3,31.2025,121.4695,31.2033,121.4577
30028,21,12.0,22.0,29.0,4.2,31.2177,121.4251,31.2242,121.4206
32682,22,18.0,19.0,25.0,4.0,31.2153,121.4892,31.217,121.4929
3685,22,56.0,45.0,39.0,5.3,31.2513,121.4694,31.243,121.4528
28147,22,44.0,43.0,30.0,4.3,31.2435,121.4452,31.2408,121.4326
34177,22,75.0,74.0,30.0,4.4,31.2792,121.4556,31.2776,121.4473
21589,22,11.0,30.0,52.0,6.300000000000001,31.2109,121.412,31.2397,121.4051
9849,22,45.0,44.0,32.0,4.7,31.2431,121.4578,31.2433,121.4447
7453,22,71.0,71.0,27.0,3.9,31.2729,121.4109,31.2702,121.4164
3657,23,75.0,64.0,34.0,4.6,31.2781,121.4502,31.2684,121.4465
2379,23,15.0,15.0,24.0,3.7,31.2108,121.454,31.2113,121.4535
24556,23,75.0,52.0,46.0,5.7,31.272,121.4514,31.2588,121.4263
29129,23,75.0,63.0,44.0,5.5,31.2799,121.4582,31.2685,121.4352
14139,23,24.0,43.0,38.0,5.3,31.2267,121.4488,31.2411,121.44
19173,23,54.0,54.0,26.0,3.6,31.2541,121.4465,31.2571,121.4443
34545,23,75.0,84.0,34.0,4.5,31.2799,121.4574,31.2881,121.4456
24575,23,75.0,52.0,54.0,6.7,31.2755,121.4585,31.2538,121.4275
29132,23,75.0,64.0,37.0,4.5,31.2755,121.4578,31.2643,121.4466
11100,23,24.0,24.0,23.0,3.5,31.2263,121.4456,31.2265,121.4468
3341,24,46.0,45.0,35.0,4.6000000000000005,31.2447,121.4684,31.2401,121.4508
24039,24,74.0,65.0,33.0,4.5,31.2728,121.4429,31.2651,121.4554
4054,24,75.0,75.0,24.0,3.5,31.272,121.4514,31.2741,121.4513
3106,24,80.0,71.0,38.0,4.8,31.2867,121.4038,31.274,121.415
2407,24,75.0,54.0,42.0,5.4,31.2795,121.4575,31.2584,121.448
15125,24,75.0,54.0,44.0,5.800000000000001,31.2795,121.4575,31.258,121.4446
27865,24,75.0,54.0,33.0,4.6000000000000005,31.2701,121.452,31.259,121.4487
24577,24,71.0,62.0,35.0,4.6000000000000005,31.2721,121.412,31.27,121.4283
36766,24,74.0,75.0,39.0,4.699999999999999,31.2703,121.4411,31.2776,121.4589
29974,25,10.0,11.0,35.0,4.3,31.2112,121.4006,31.2174,121.4129
34480,25,71.0,70.0,26.0,4.3,31.2759,121.412,31.2716,121.4085
15032,25,24.0,25.0,30.0,3.9,31.2244,121.4482,31.2273,121.4531
25606,25,11.0,21.0,29.0,4.2,31.2162,121.419,31.2219,121.4118
9463,25,58.0,58.0,26.0,3.7,31.2571,121.4841,31.257,121.4849
37965,25,38.0,37.0,35.0,4.800000000000001,31.232,121.4862,31.2364,121.4725
21788,25,75.0,84.0,35.0,4.6000000000000005,31.2788,121.4563,31.2838,121.4411
10483,25,34.0,35.0,32.0,4.6000000000000005,31.238,121.4402,31.2365,121.4551
587,25,36.0,27.0,36.0,4.800000000000001,31.2334,121.4664,31.2218,121.4714
17890,25,34.0,33.0,34.0,4.2,31.2398,121.4443,31.2349,121.4307
11909,25,45.0,55.0,35.0,4.9,31.2405,121.4593,31.2557,121.4554
18519,26,88.0,88.0,24.0,3.2,31.2827,121.4884,31.2834,121.4865
12435,26,67.0,76.0,32.0,4.2,31.2691,121.4713,31.2752,121.4608
30741,26,75.0,76.0,33.0,4.2,31.2778,121.4566,31.2718,121.4672
12650,26,12.0,12.0,32.0,4.4,31.2177,121.4251,31.2104,121.4205
29616,26,24.0,34.0,32.0,4.1,31.2244,121.4482,31.2351,121.4444
23442,26,17.0,27.0,30.0,4.0,31.2138,121.4771,31.2219,121.4751
13077,26,6.0,6.0,30.0,3.7,31.204,121.4664,31.2078,121.4613
17247,26,44.0,43.0,34.0,4.2,31.2436,121.444,31.2497,121.4328
5250,26,75.0,76.0,28.0,4.2,31.279,121.4546,31.2755,121.4628
24106,26,75.0,74.0,31.0,4.4,31.2701,121.4523,31.2779,121.4473
27915,26,71.0,80.0,33.0,4.2,31.2796,121.4179,31.2802,121.4074
16568,27,11.0,12.0,31.0,4.6,31.2139,121.4166,31.2178,121.4289
1253,27,75.0,74.0,31.0,4.6,31.2737,121.4593,31.2768,121.4472
29830,27,33.0,23.0,36.0,5.1000000000000005,31.2388,121.4312,31.2258,121.4355
26987,27,85.0,86.0,34.0,5.0,31.2831,121.4517,31.2828,121.4696
20469,27,35.0,14.0,38.0,5.0,31.2317,121.4585,31.2171,121.4497
12653,27,45.0,54.0,36.0,4.3,31.2474,121.4528,31.2537,121.4406
12587,27,58.0,58.0,30.0,4.4,31.26,121.486,31.2506,121.4807
1507,27,85.0,86.0,30.0,4.3,31.2814,121.4541,31.2874,121.4649
21404,27,79.0,79.0,28.0,3.4,31.2716,121.4942,31.2744,121.4981
33209,27,35.0,14.0,36.0,5.3,31.2361,121.4527,31.2189,121.4485
2133,27,35.0,26.0,33.0,4.7,31.2376,121.4554,31.229,121.462
7729,27,35.0,14.0,37.0,5.1,31.2302,121.453,31.214,121.4487
11487,27,18.0,9.0,33.0,4.5,31.2173,121.4813,31.2094,121.4909
24951,27,90.0,90.0,26.0,3.7,31.2969,121.4022,31.2956,121.4046
6328,28,44.0,55.0,39.0,4.6,31.2435,121.4452,31.2571,121.4576
20573,28,24.0,13.0,35.0,4.9,31.2229,121.4434,31.2132,121.4317
37624,28,7.0,7.0,26.0,4.1,31.202,121.48,31.2046,121.4762
9541,28,35.0,27.0,38.0,5.0,31.2383,121.459,31.2267,121.4763
14580,28,75.0,85.0,31.0,4.0,31.2799,121.4582,31.287,121.4523
9219,28,61.0,60.0,28.0,3.7,31.265,121.4126,31.2604,121.4076
14004,28,75.0,50.0,62.0,7.5,31.2785,121.4508,31.2556,121.4047
8761,28,33.0,52.0,52.0,5.9,31.23,121.4355,31.2585,121.421
32402,28,75.0,85.0,36.0,4.5,31.2754,121.4501,31.288,121.4545
35021,28,35.0,27.0,37.0,5.3,31.2343,121.4579,31.2216,121.4702
913,29,24.0,15.0,30.0,4.6,31.2258,121.4479,31.2178,121.454
31828,29,75.0,65.0,34.0,4.5,31.2772,121.453,31.2633,121.4549
1101,29,11.0,11.0,28.0,4.0,31.21,121.4144,31.212,121.4122
31376,29,25.0,35.0,35.0,4.4,31.2265,121.4529,31.2383,121.4564
35012,29,2.0,13.0,40.0,5.3,31.2034,121.4228,31.2151,121.4391
7288,29,75.0,75.0,26.0,3.9,31.2755,121.4578,31.2765,121.4528
7282,29,75.0,64.0,30.0,4.2,31.2704,121.4521,31.2636,121.4446
35153,29,75.0,75.0,29.0,4.1,31.2798,121.4554,31.2726,121.456
30350,29,75.0,65.0,32.0,4.800000000000001,31.2734,121.4563,31.2617,121.4581
25523,29,71.0,71.0,25.0,3.9,31.279,121.4146,31.2776,121.4152
7285,29,75.0,56.0,44.0,5.6,31.2717,121.4558,31.2517,121.465
16134,29,11.0,23.0,47.0,5.5,31.2109,121.412,31.2284,121.4326
4883,29,75.0,64.0,39.0,5.0,31.2772,121.453,31.2624,121.4404
3424,30,6.0,5.0,38.0,4.9,31.2025,121.4695,31.2021,121.4518
11074,30,75.0,85.0,34.0,4.6,31.2743,121.4511,31.2849,121.4541
1477,30,43.0,52.0,30.0,4.0,31.2466,121.43,31.2562,121.43
14085,30,35.0,34.0,30.0,4.4,31.2399,121.4559,31.2359,121.4472
19531,30,12.0,32.0,40.0,5.1,31.2177,121.4251,31.2372,121.4236
23962,30,71.0,61.0,33.0,4.6,31.2706,121.4147,31.2604,121.4191
127,30,11.0,21.0,25.0,4.1,31.2197,121.4108,31.2225,121.4136
20730,30,24.0,21.0,42.0,5.7,31.2214,121.4437,31.224,121.4179
15514,30,75.0,74.0,30.0,4.3,31.2755,121.4578,31.2723,121.45
15822,30,56.0,56.0,24.0,3.5,31.2501,121.4679,31.2522,121.4641
3610,30,71.0,62.0,38.0,4.4,31.2759,121.412,31.2653,121.4238
28437,30,93.0,93.0,27.0,3.7,31.2949,121.4341,31.29,121.4304
16895,30,25.0,25.0,26.0,3.8,31.2273,121.455,31.2209,121.4559
14536,30,27.0,28.0,26.0,3.8,31.2245,121.4766,31.2248,121.481
17419,31,11.0,10.0,26.0,3.6,31.2146,121.4112,31.2175,121.4094
27367,31,6.0,7.0,37.0,4.800000000000001,31.2079,121.4604,31.2031,121.4757
19752,31,24.0,35.0,39.0,4.699999999999999,31.2214,121.4403,31.2317,121.4558
30848,31,61.0,80.0,50.0,6.3,31.2619,121.418,31.2876,121.4068
17277,31,11.0,0.0,36.0,4.699999999999999,31.2171,121.414,31.2053,121.4012
20451,31,24.0,14.0,27.0,4.2,31.2244,121.4482,31.218,121.4458
35493,31,27.0,36.0,34.0,4.9,31.2267,121.4772,31.2372,121.4645
22955,31,27.0,28.0,32.0,4.1,31.2245,121.4766,31.2276,121.4881
34121,31,31.0,20.0,41.0,5.5,31.2354,121.4196,31.224,121.4
13208,31,71.0,70.0,27.0,4.1,31.2729,121.4109,31.2785,121.4096
10966,31,47.0,38.0,31.0,4.5,31.2428,121.4735,31.2381,121.4845
23003,31,11.0,13.0,40.0,4.8,31.2162,121.419,31.21,121.4383
1887,31,6.0,7.0,37.0,5.1,31.2098,121.4619,31.2,121.4781
31655,31,45.0,55.0,38.0,5.4,31.2405,121.4541,31.2599,121.4567
1918,32,27.0,17.0,36.0,4.7,31.2245,121.4766,31.213,121.4716
2061,32,14.0,24.0,38.0,4.6,31.2137,121.447,31.2294,121.4416
15362,32,31.0,22.0,32.0,4.800000000000001,31.2324,121.4117,31.2299,121.4247
33689,32,35.0,36.0,29.0,4.0,31.2343,121.4579,31.2305,121.4611
23220,32,35.0,34.0,28.0,4.2,31.2361,121.4527,31.2359,121.4472
4287,32,11.0,12.0,33.0,4.3,31.217,121.4109,31.2184,121.4265
17435,32,12.0,13.0,30.0,3.8,31.2187,121.4237,31.2153,121.4313
20604,32,68.0,58.0,26.0,3.9,31.2623,121.4815,31.2596,121.4868
6042,32,22.0,33.0,30.0,4.7,31.229,121.4257,31.2345,121.4365
9634,32,68.0,79.0,34.0,4.800000000000001,31.2623,121.4815,31.2711,121.4964
11143,32,35.0,25.0,36.0,4.9,31.2383,121.4529,31.2238,121.454
19025,32,42.0,53.0,36.0,5.3,31.2487,121.4203,31.2524,121.4384
27398,32,27.0,17.0,32.0,4.2,31.2243,121.4731,31.2135,121.4726
4327,32,77.0,78.0,26.0,3.7,31.2747,121.4778,31.2788,121.4837
23230,33,76.0,75.0,26.0,4.0,31.2733,121.4612,31.2768,121.4572
10283,33,7.0,6.0,30.0,4.1,31.2084,121.474,31.2021,121.4632
23818,33,75.0,85.0,42.0,5.3,31.2701,121.452,31.2892,121.4539
26844,33,17.0,27.0,38.0,5.0,31.2144,121.4709,31.23,121.4799
21937,33,24.0,25.0,33.0,4.1,31.2262,121.4479,31.2225,121.4596
7020,33,24.0,15.0,34.0,4.5,31.2229,121.4434,31.2183,121.4583
26505,33,62.0,60.0,40.0,4.9,31.2614,121.4202,31.2664,121.4026
29689,33,53.0,43.0,27.0,4.0,31.2502,121.4368,31.2478,121.4383
6481,33,34.0,34.0,26.0,3.3000000000000003,31.2316,121.4431,31.2338,121.4433
21063,33,26.0,34.0,40.0,5.3,31.2248,121.4674,31.2305,121.4496
29517,33,75.0,64.0,32.0,4.1,31.2772,121.453,31.2688,121.4466
17817,33,8.0,8.0,28.0,4.0,31.2015,121.4822,31.2051,121.4871
1199,33,24.0,25.0,34.0,4.4,31.2213,121.4438,31.2214,121.4578
34666,33,25.0,25.0,27.0,4.1,31.2245,121.4598,31.2248,121.4527
21067,33,26.0,34.0,38.0,5.0,31.2294,121.4693,31.2377,121.449
3102,33,24.0,13.0,25.0,4.1,31.221,121.4415,31.2185,121.4377
31219,33,12.0,21.0,30.0,4.1,31.215,121.4262,31.2231,121.4192
36210,33,79.0,89.0,35.0,4.4,31.2765,121.5,31.2891,121.4949
18757,33,24.0,14.0,34.0,4.4,31.2214,121.4403,31.2137,121.4492
30933,33,69.0,59.0,37.0,4.6000000000000005,31.2671,121.4972,31.2534,121.4969
731,34,8.0,9.0,35.0,4.9,31.2063,121.4817,31.2093,121.498
3389,34,25.0,24.0,30.0,4.5,31.2257,121.4503,31.2217,121.443
38003,34,56.0,55.0,33.0,4.9,31.2529,121.4646,31.25,121.4514
26463,34,24.0,24.0,29.0,4.3,31.2254,121.4403,31.2261,121.4484
35686,34,45.0,47.0,34.0,5.1000000000000005,31.2468,121.4578,31.2451,121.4745
10082,34,25.0,25.0,31.0,4.2,31.2261,121.4596,31.2298,121.4529
15649,34,6.0,17.0,34.0,4.4,31.2098,121.4619,31.2116,121.4789
23102,34,11.0,20.0,36.0,4.6000000000000005,31.2139,121.4166,31.2208,121.4055
19169,34,18.0,9.0,36.0,4.2,31.216,121.4829,31.2074,121.4929
6808,34,24.0,34.0,35.0,4.4,31.2211,121.4432,31.2331,121.4482
9567,34,75.0,42.0,63.0,7.5,31.2747,121.4527,31.2413,121.42
15232,34,71.0,62.0,32.0,4.2,31.2711,121.42,31.2687,121.4296
31385,34,30.0,30.0,29.0,3.8,31.239,121.4026,31.2342,121.4
9575,34,75.0,53.0,46.0,5.3,31.2713,121.4523,31.2557,121.4321
17578,34,41.0,31.0,36.0,5.1,31.2493,121.4176,31.2337,121.4114
33560,34,24.0,36.0,42.0,5.5,31.2266,121.4427,31.2316,121.468
26796,34,98.0,97.0,31.0,3.9,31.2925,121.4832,31.2919,121.4735
7167,35,12.0,2.0,32.0,4.5,31.2131,121.4294,31.2038,121.4235
34913,35,24.0,35.0,32.0,4.5,31.2267,121.4488,31.2341,121.4559
26551,35,47.0,45.0,44.0,5.6,31.2465,121.4783,31.2457,121.4544
32994,35,1.0,11.0,26.0,3.8,31.209,121.4158,31.2128,121.4168
32647,35,12.0,2.0,36.0,4.5,31.215,121.4262,31.2,121.4284
2990,35,71.0,70.0,27.0,3.5,31.2727,121.4137,31.2708,121.41
4024,35,6.0,8.0,39.0,5.3,31.204,121.4664,31.2023,121.4878
14617,35,20.0,30.0,32.0,4.7,31.2231,121.4008,31.2336,121.4084
16764,35,6.0,8.0,36.0,4.9,31.2058,121.4657,31.2087,121.4862
24404,35,37.0,58.0,41.0,4.8,31.2373,121.4751,31.2558,121.4808
14184,35,26.0,25.0,34.0,4.4,31.2236,121.4662,31.2292,121.452
8414,35,75.0,60.0,62.0,7.000000000000001,31.2779,121.4547,31.2694,121.4063
7682,35,45.0,46.0,30.0,4.3,31.2428,121.4502,31.2466,121.4605
36677,35,75.0,84.0,34.0,4.3,31.2704,121.4521,31.2814,121.4435
27668,35,57.0,56.0,34.0,4.9,31.2553,121.4754,31.2558,121.4615
33368,35,11.0,20.0,35.0,4.5,31.2146,121.4112,31.2282,121.4027
35516,35,77.0,89.0,39.0,5.2,31.2758,121.4751,31.2806,121.496
25600,35,27.0,27.0,30.0,3.6,31.224,121.4771,31.2287,121.4744
29104,35,71.0,71.0,32.0,4.7,31.2703,121.4101,31.2785,121.4176
26218,35,18.0,38.0,39.0,5.0,31.2134,121.4872,31.2322,121.4806
2786,36,75.0,75.0,28.0,4.4,31.2778,121.4518,31.272,121.459
989,36,24.0,24.0,24.0,3.7,31.2248,121.4449,31.2255,121.4416
11661,36,75.0,65.0,38.0,4.9,31.2781,121.4502,31.2621,121.4575
24864,36,0.0,10.0,33.0,4.2,31.2069,121.4074,31.2172,121.4034
316,36,25.0,44.0,37.0,4.6,31.226,121.4521,31.241,121.4414
24945,36,31.0,31.0,32.0,4.4,31.2323,121.4107,31.2388,121.4137
1705,36,12.0,12.0,24.0,3.6,31.2187,121.4237,31.2182,121.4206
23795,36,35.0,25.0,27.0,4.2,31.2335,121.4565,31.2284,121.4577
15624,36,72.0,72.0,26.0,4.0,31.2737,121.427,31.2783,121.423
25261,36,34.0,22.0,41.0,5.6,31.2398,121.4443,31.2239,121.4263
12205,36,31.0,31.0,23.0,3.5,31.236,121.4187,31.2344,121.4191
24735,36,95.0,88.0,50.0,5.6,31.2984,121.4545,31.2827,121.4828
16683,36,35.0,25.0,29.0,4.2,31.2335,121.4565,31.2259,121.4584
3559,36,31.0,60.0,56.0,6.5,31.2304,121.4128,31.265,121.4033
13533,36,25.0,25.0,26.0,4.1,31.2265,121.4529,31.2254,121.459
12463,36,24.0,34.0,35.0,4.9,31.2262,121.4493,31.2399,121.4432
12201,36,31.0,31.0,24.0,3.7,31.2354,121.4196,31.2311,121.4191
11868,36,8.0,8.0,28.0,4.1,31.2015,121.4822,31.2049,121.485
37475,36,95.0,88.0,48.0,5.9,31.2924,121.4511,31.2831,121.4808
1731,36,76.0,97.0,42.0,5.2,31.2732,121.4619,31.2944,121.4747
1169,36,69.0,58.0,37.0,4.5,31.2606,121.4982,31.2559,121.4813
3943,36,35.0,25.0,37.0,4.8,31.2383,121.4529,31.221,121.4517
5882,36,17.0,16.0,36.0,4.2,31.2193,121.4794,31.2141,121.4677
4831,37,17.0,17.0,26.0,3.9,31.2116,121.4789,31.215,121.4763
11621,37,77.0,67.0,31.0,4.1,31.2735,121.4759,31.2658,121.4758
834,37,35.0,26.0,41.0,5.3,31.2376,121.4554,31.2203,121.4635
18137,37,24.0,25.0,35.0,4.7,31.2296,121.4439,31.2276,121.4597
27486,37,24.0,35.0,42.0,5.5,31.2218,121.4411,31.2389,121.4501
33253,37,75.0,85.0,32.0,4.7,31.273,121.4573,31.285,121.4576
17494,37,23.0,32.0,37.0,4.6,31.2221,121.4345,31.2365,121.4225
17361,37,60.0,80.0,40.0,5.3,31.2664,121.4036,31.2831,121.404
35517,37,77.0,78.0,30.0,4.4,31.2747,121.4778,31.2774,121.4879
18262,37,7.0,18.0,34.0,4.4,31.2032,121.4777,31.2148,121.4805
7361,37,25.0,35.0,35.0,4.4,31.2253,121.4558,31.2365,121.4504
27911,37,25.0,36.0,33.0,4.4,31.2294,121.4534,31.2357,121.4616
11138,37,12.0,13.0,32.0,4.4,31.2177,121.4251,31.2108,121.4345
490,37,44.0,44.0,25.0,3.7,31.2458,121.4456,31.248,121.45
26674,37,77.0,88.0,34.0,4.2,31.2769,121.4718,31.2869,121.4806
10775,37,31.0,31.0,26.0,4.1,31.2304,121.4128,31.2325,121.4175
22543,37,75.0,76.0,30.0,4.7,31.275,121.4573,31.2722,121.4698
8830,37,2.0,2.0,25.0,4.0,31.2041,121.425,31.202,121.4215
15079,37,24.0,26.0,39.0,4.699999999999999,31.2211,121.4432,31.2224,121.4639
29674,37,12.0,14.0,40.0,4.8,31.2187,121.4237,31.2153,121.4443
14465,37,69.0,69.0,30.0,4.1,31.2616,121.4932,31.2642,121.4985
35865,38,77.0,68.0,36.0,4.4,31.2779,121.4787,31.2644,121.4881
21086,38,84.0,84.0,29.0,3.9,31.2886,121.4405,31.2873,121.4462
33479,38,35.0,14.0,42.0,5.0,31.2356,121.4518,31.2164,121.4455
16520,38,44.0,43.0,28.0,4.1,31.2444,121.4419,31.248,121.4374
35273,38,75.0,53.0,50.0,5.800000000000001,31.2778,121.4566,31.2513,121.4388
18238,38,0.0,1.0,29.0,4.2,31.2062,121.4039,31.2009,121.4112
7134,38,90.0,80.0,32.0,4.6000000000000005,31.293,121.4038,31.2828,121.4094
23929,38,75.0,83.0,42.0,5.2,31.2799,121.4537,31.2867,121.4336
34031,38,25.0,25.0,24.0,4.1,31.226,121.4521,31.2247,121.4558
3475,38,75.0,75.0,27.0,3.9,31.2767,121.45,31.2734,121.4519
24900,38,44.0,43.0,30.0,4.1,31.2467,121.4406,31.2447,121.4313
36124,38,6.0,6.0,27.0,3.8,31.2079,121.4604,31.2091,121.4652
500,38,13.0,23.0,36.0,4.9,31.216,121.4381,31.2282,121.4323
26784,38,45.0,52.0,49.0,6.200000000000001,31.2435,121.4538,31.2589,121.4245
11329,38,77.0,64.0,47.0,5.4,31.2758,121.4751,31.2645,121.4466
6333,38,72.0,61.0,35.0,5.1000000000000005,31.2737,121.427,31.2696,121.4102
37352,38,38.0,37.0,33.0,4.3,31.232,121.4862,31.2313,121.4745
8344,38,44.0,41.0,49.0,6.199999999999999,31.2448,121.4493,31.2417,121.4173
657,38,77.0,56.0,46.0,5.6,31.2784,121.4785,31.2549,121.4625
15879,38,75.0,52.0,50.0,5.8,31.2761,121.457,31.2592,121.4294
36996,38,71.0,81.0,30.0,4.2,31.2786,121.4165,31.284,121.4195
27164,38,15.0,5.0,40.0,4.8,31.2192,121.4517,31.2018,121.4553
28079,38,17.0,28.0,36.0,5.199999999999999,31.2112,121.4712,31.2266,121.4806
6230,39,24.0,24.0,32.0,4.4,31.2214,121.4403,31.221,121.4494
59,39,75.0,75.0,27.0,3.8,31.2764,121.4598,31.2726,121.4598
36151,39,6.0,19.0,48.0,5.6000000000000005,31.2048,121.4696,31.2152,121.4982
4531,39,53.0,63.0,33.0,4.7,31.2502,121.4368,31.261,121.4391
21604,39,27.0,27.0,24.0,4.1,31.2226,121.4737,31.2239,121.4768
30728,39,1.0,4.0,47.0,5.699999999999999,31.209,121.4158,31.2044,121.4488
2017,39,14.0,24.0,40.0,5.5,31.2112,121.4448,31.2294,121.4415
21635,39,25.0,44.0,43.0,5.2,31.2269,121.4582,31.2447,121.4427
19909,39,12.0,12.0,25.0,3.4,31.2187,121.4237,31.2179,121.4266
4458,39,22.0,32.0,40.0,5.0,31.2223,121.4209,31.2383,121.4259
15275,39,48.0,38.0,30.0,4.2,31.2425,121.4824,31.2341,121.4886
34345,39,27.0,27.0,24.0,4.1,31.2243,121.4731,31.2203,121.4751
27339,39,75.0,86.0,34.0,4.4,31.2747,121.4527,31.2844,121.4637
4668,39,11.0,20.0,37.0,5.1,31.21,121.4144,31.2235,121.4026
5024,39,45.0,45.0,26.0,3.9,31.2406,121.4512,31.241,121.4557
30852,39,11.0,21.0,34.0,4.7,31.2139,121.4166,31.2279,121.4136
13572,39,25.0,26.0,28.0,4.1,31.2222,121.4568,31.2207,121.4663
31387,39,31.0,21.0,30.0,4.3,31.2335,121.4105,31.2225,121.4119
36314,39,61.0,61.0,32.0,4.5,31.2619,121.418,31.2695,121.4171
35369,39,8.0,29.0,51.0,6.200000000000001,31.2015,121.4822,31.2292,121.4953
22867,39,77.0,88.0,38.0,4.7,31.2721,121.4799,31.2851,121.4899
4122,39,24.0,33.0,35.0,4.800000000000001,31.2246,121.4457,31.2355,121.4366
2257,39,0.0,11.0,38.0,4.5,31.2062,121.4039,31.2113,121.4192
12477,39,45.0,46.0,26.0,3.8,31.2427,121.4573,31.2436,121.4621
17781,39,43.0,52.0,38.0,4.6,31.2417,121.433,31.258,121.43
1011,39,28.0,29.0,34.0,4.9,31.226,121.4812,31.2262,121.4945
26491,39,28.0,29.0,31.0,4.5,31.228,121.4858,31.2284,121.4939
2504,39,84.0,75.0,35.0,4.800000000000001,31.2846,121.4463,31.2728,121.4535
5675,40,77.0,57.0,44.0,5.4,31.2769,121.4718,31.2519,121.4755
1867,40,34.0,35.0,35.0,4.800000000000001,31.2316,121.4431,31.2386,121.4557
37181,40,11.0,2.0,25.0,3.2,31.2102,121.4198,31.2086,121.4215
19420,40,42.0,31.0,35.0,4.6000000000000005,31.2425,121.4247,31.2347,121.4114
18415,40,77.0,57.0,39.0,5.3,31.2747,121.4778,31.256,121.4734
18852,40,26.0,25.0,33.0,4.5,31.2248,121.4674,31.2224,121.4567
28108,40,26.0,27.0,27.0,3.7,31.2259,121.4688,31.2277,121.4743
10090,40,56.0,66.0,38.0,4.8,31.2513,121.4694,31.267,121.4604
19509,40,71.0,71.0,28.0,3.4,31.2747,121.4126,31.2716,121.4123
8604,40,77.0,75.0,38.0,5.1,31.2716,121.4736,31.2733,121.4549
37212,40,24.0,13.0,39.0,4.9,31.2265,121.447,31.2178,121.4316
766,40,71.0,70.0,34.0,4.0,31.279,121.4146,31.2728,121.4038
32160,40,42.0,31.0,40.0,5.0,31.2487,121.4203,31.2307,121.4144
22830,40,56.0,66.0,32.0,4.9,31.2514,121.4666,31.2619,121.461
459,40,71.0,70.0,30.0,4.7,31.2706,121.4147,31.2771,121.4072
32600,40,25.0,27.0,35.0,4.5,31.2261,121.4596,31.2206,121.4731
25593,40,27.0,27.0,28.0,3.9,31.2267,121.4772,31.2226,121.4704
2628,40,26.0,27.0,29.0,3.9,31.2248,121.4674,31.2286,121.4752
1401,40,24.0,25.0,29.0,4.0,31.2259,121.45,31.2256,121.4574
36348,40,68.0,78.0,28.0,4.3,31.2668,121.489,31.2747,121.4896
22993,40,11.0,11.0,26.0,4.2,31.2124,121.4159,31.21,121.4107
32582,40,75.0,64.0,38.0,4.8,31.2747,121.4527,31.2614,121.4409
2527,40,77.0,89.0,39.0,5.3,31.2779,121.4787,31.2899,121.4941
28867,40,15.0,23.0,44.0,5.1,31.2163,121.4588,31.2225,121.4344
29025,41,48.0,38.0,26.0,3.7,31.2425,121.4824,31.2384,121.4814
5514,41,24.0,25.0,33.0,4.1,31.2211,121.4455,31.2249,121.4567
3364,41,58.0,59.0,34.0,4.5,31.2504,121.4808,31.2578,121.4906
23517,41,31.0,32.0,31.0,4.6,31.2345,121.4116,31.2326,121.4219
29500,41,84.0,84.0,26.0,3.6,31.2883,121.4429,31.2832,121.441
942,41,62.0,70.0,36.0,4.7,31.2614,121.4202,31.2704,121.4056
13368,41,69.0,69.0,32.0,4.0,31.2606,121.4982,31.2662,121.4915
35774,41,77.0,69.0,44.0,5.2,31.272,121.4726,31.2664,121.4997
22853,41,27.0,27.0,29.0,3.8,31.222,121.4722,31.2246,121.4775
32506,41,24.0,33.0,33.0,4.5,31.2262,121.4419,31.2375,121.4338
5340,41,76.0,77.0,36.0,4.4,31.2732,121.4619,31.2726,121.4777
36333,41,79.0,78.0,33.0,4.7,31.2765,121.5,31.2707,121.4872
33530,41,71.0,61.0,27.0,4.1,31.2706,121.4147,31.2664,121.4121
37449,41,24.0,35.0,39.0,5.1,31.2211,121.4455,31.2362,121.4568
13682,41,62.0,70.0,42.0,5.2,31.2614,121.4202,31.2752,121.4018
1392,41,27.0,27.0,23.0,3.7,31.2267,121.4772,31.2287,121.4761
3066,41,24.0,23.0,35.0,4.2,31.2234,121.4445,31.2272,121.4312
13325,41,35.0,35.0,27.0,3.9,31.2356,121.4518,31.238,121.453
29983,41,68.0,69.0,32.0,4.1,31.2668,121.489,31.2635,121.4965
35358,41,35.0,25.0,35.0,4.5,31.2376,121.4554,31.2251,121.4591
21244,41,24.0,13.0,30.0,3.9,31.2254,121.4403,31.2199,121.4396
4166,41,57.0,69.0,42.0,5.0,31.2555,121.4761,31.2695,121.4953
27124,41,16.0,15.0,29.0,3.8,31.2146,121.4618,31.2114,121.4573
1163,41,6.0,8.0,37.0,4.6,31.2076,121.4654,31.2009,121.4828
28872,41,15.0,14.0,36.0,4.6000000000000005,31.2152,121.455,31.2165,121.4414
809,41,18.0,19.0,37.0,4.5,31.2167,121.4811,31.2105,121.4974
26832,41,75.0,74.0,36.0,4.800000000000001,31.2798,121.4554,31.2716,121.4436
4788,41,33.0,54.0,42.0,5.6000000000000005,31.2349,121.4303,31.2517,121.4479
9895,42,38.0,39.0,31.0,4.2,31.2358,121.4878,31.2377,121.4986
19911,42,58.0,58.0,30.0,3.9,31.2503,121.4803,31.2583,121.4805
14016,42,15.0,13.0,36.0,4.5,31.2146,121.4536,31.2149,121.4363
9635,42,2.0,23.0,40.0,5.1,31.2041,121.425,31.2215,121.4362
35810,42,57.0,59.0,38.0,4.4,31.2555,121.4761,31.2568,121.4941
35912,42,53.0,52.0,33.0,4.9,31.259,121.4362,31.2568,121.422
1586,42,24.0,34.0,29.0,4.1,31.2291,121.4439,31.2367,121.4422
4843,42,24.0,24.0,34.0,4.0,31.2204,121.4481,31.2278,121.4408
18945,42,69.0,69.0,31.0,3.8,31.2644,121.4987,31.2698,121.492
18632,42,25.0,23.0,38.0,4.9,31.2257,121.4505,31.2201,121.4357
13678,42,6.0,7.0,25.0,3.9,31.2025,121.4695,31.2035,121.4732
19560,42,18.0,27.0,42.0,4.9,31.2111,121.48,31.2286,121.4706
15478,42,6.0,17.0,30.0,4.7,31.2076,121.4654,31.2108,121.4775
20103,42,35.0,23.0,42.0,5.3,31.2344,121.4596,31.2285,121.4389
35723,42,67.0,88.0,42.0,5.0,31.2687,121.4721,31.2868,121.4802
8030,42,7.0,7.0,30.0,4.1,31.202,121.48,31.2066,121.4791
29906,42,58.0,37.0,42.0,5.2,31.2503,121.4803,31.23,121.4733
19828,42,26.0,34.0,43.0,5.5,31.2277,121.4674,31.2321,121.4428
32164,42,42.0,32.0,31.0,4.2,31.2425,121.4247,31.2333,121.4228
23516,42,31.0,32.0,28.0,3.9,31.2354,121.4196,31.2396,121.4284
27762,42,24.0,23.0,37.0,4.7,31.2246,121.4457,31.2296,121.4306
20021,42,75.0,74.0,28.0,4.0,31.272,121.4514,31.2766,121.4455
29356,42,53.0,52.0,32.0,4.800000000000001,31.259,121.4362,31.2541,121.4221
33513,42,68.0,68.0,29.0,4.5,31.2623,121.4815,31.2692,121.4863
18776,42,77.0,68.0,27.0,4.3,31.2707,121.4788,31.2683,121.4859
25828,42,6.0,15.0,32.0,4.6,31.2076,121.4654,31.2105,121.4533
30949,42,33.0,43.0,33.0,4.2,31.2349,121.4303,31.2479,121.4342
23231,42,10.0,10.0,26.0,4.2,31.2112,121.4006,31.2127,121.408
29473,42,93.0,93.0,26.0,3.9,31.2949,121.4341,31.2943,121.4309
13961,42,25.0,25.0,32.0,4.2,31.2253,121.4583,31.2223,121.4507
22064,43,58.0,37.0,38.0,5.1,31.2503,121.4803,31.2306,121.4771
25778,43,75.0,67.0,45.0,5.6000000000000005,31.2761,121.4514,31.265,121.4797
17508,43,76.0,58.0,45.0,5.2,31.2759,121.4696,31.2599,121.4884
6118,43,44.0,54.0,38.0,5.199999999999999,31.2415,121.4448,31.2591,121.4488
5572,43,69.0,69.0,27.0,4.2,31.2618,121.4906,31.2611,121.4973
5145,43,44.0,43.0,34.0,5.0,31.2408,121.4495,31.2488,121.4367
11926,43,35.0,27.0,41.0,4.8,31.2302,121.453,31.2201,121.4734
26512,43,62.0,53.0,32.0,4.3,31.264,121.4242,31.258,121.4301
37801,43,67.0,77.0,36.0,4.3,31.2624,121.4722,31.2751,121.4704
12321,43,67.0,77.0,35.0,4.9,31.2624,121.4722,31.2732,121.4759
17947,43,57.0,57.0,26.0,3.8,31.2555,121.4761,31.2516,121.4743
32521,43,44.0,35.0,29.0,3.8,31.2408,121.4495,31.234,121.4538
24840,43,44.0,43.0,26.0,4.2,31.2437,121.4403,31.2495,121.4382
32908,43,30.0,31.0,31.0,4.1,31.239,121.4026,31.2385,121.4154
3587,43,18.0,18.0,26.0,3.7,31.2153,121.4892,31.217,121.4844
1971,43,6.0,6.0,26.0,3.9,31.2025,121.4695,31.2067,121.4672
32480,43,24.0,24.0,23.0,3.6,31.2275,121.4445,31.2263,121.4428
13099,43,17.0,17.0,30.0,4.4,31.2144,121.4709,31.2156,121.4789
37470,43,71.0,72.0,31.0,4.5,31.2718,121.4164,31.277,121.4239
9324,43,58.0,37.0,47.0,5.5,31.2561,121.4855,31.2328,121.4752
1915,43,17.0,29.0,45.0,5.6000000000000005,31.2144,121.4709,31.2208,121.4967
29655,43,44.0,43.0,30.0,4.5,31.241,121.448,31.244,121.4354
11284,43,75.0,74.0,29.0,4.0,31.2785,121.4508,31.2764,121.446
27395,43,17.0,29.0,42.0,5.5,31.2144,121.4709,31.2236,121.4913
27221,43,77.0,75.0,37.0,4.4,31.272,121.4726,31.2731,121.4567
15177,43,61.0,72.0,25.0,3.9,31.27,121.4154,31.2702,121.42
1744,43,77.0,76.0,31.0,4.2,31.2709,121.4737,31.277,121.4682
3564,43,7.0,8.0,27.0,3.7,31.2032,121.4777,31.2009,121.4843
25323,43,94.0,94.0,26.0,3.6,31.296,121.446,31.2947,121.4433
24666,43,35.0,27.0,43.0,5.6000000000000005,31.2399,121.4559,31.2215,121.4735
14230,44,31.0,40.0,40.0,5.5,31.2354,121.4196,31.2485,121.4046
4285,44,11.0,20.0,42.0,4.8,31.213,121.4198,31.2239,121.4025
33790,44,57.0,68.0,41.0,5.5,31.2515,121.4771,31.2663,121.4896
14173,44,71.0,61.0,33.0,4.9,31.2729,121.4109,31.2625,121.4159
7847,44,35.0,47.0,42.0,5.5,31.2361,121.4527,31.2435,121.4761
24783,44,75.0,64.0,42.0,5.1,31.2764,121.457,31.2621,121.4441
23918,44,61.0,71.0,38.0,4.5,31.2635,121.4193,31.2769,121.4124
25107,44,57.0,57.0,29.0,3.9,31.2519,121.4721,31.2561,121.475
10561,44,11.0,12.0,40.0,4.8,31.2146,121.4112,31.214,121.43
28326,44,24.0,15.0,33.0,4.3,31.2262,121.4479,31.2164,121.451
30396,44,66.0,65.0,35.0,4.5,31.2688,121.4678,31.2637,121.4531
17984,44,6.0,8.0,38.0,5.1,31.2025,121.4695,31.2045,121.4887
24368,44,67.0,68.0,36.0,4.4,31.2687,121.4721,31.2616,121.4826
37840,44,57.0,66.0,31.0,4.5,31.2581,121.4703,31.26,121.4627
35734,44,11.0,10.0,30.0,4.1,31.2146,121.4112,31.2114,121.4063
29489,44,25.0,35.0,28.0,4.3,31.2269,121.4582,31.2324,121.4581
26970,44,31.0,40.0,36.0,4.2,31.2345,121.4116,31.2473,121.4071
10830,44,69.0,69.0,26.0,4.1,31.2618,121.4906,31.2617,121.4969
29564,44,25.0,25.0,30.0,4.1,31.2261,121.4596,31.2245,121.4501
7442,44,6.0,18.0,42.0,5.0,31.2025,121.4695,31.2182,121.4808
23651,44,24.0,24.0,25.0,3.9,31.2248,121.4449,31.2229,121.4487
35524,44,77.0,78.0,34.0,4.3,31.272,121.4726,31.2707,121.4846
29416,44,24.0,12.0,38.0,5.1,31.2203,121.4462,31.2129,121.4245
1898,44,33.0,31.0,32.0,4.4,31.2395,121.4306,31.2397,121.4157
17659,44,66.0,66.0,28.0,4.1,31.2641,121.4606,31.2667,121.4692
5125,45,11.0,21.0,28.0,3.6,31.2135,121.4125,31.2202,121.4118
10014,45,26.0,15.0,41.0,5.4,31.2294,121.4693,31.2114,121.455
27273,45,76.0,76.0,26.0,3.9,31.2733,121.4612,31.2732,121.464
13241,45,24.0,26.0,39.0,5.199999999999999,31.2216,121.4493,31.2297,121.4671
24136,45,75.0,41.0,68.0,8.0,31.2793,121.4593,31.2481,121.4158
16181,45,57.0,57.0,28.0,4.0,31.2549,121.4759,31.2575,121.4799
12287,45,44.0,54.0,29.0,4.2,31.2444,121.4419,31.2508,121.4415
32986,45,22.0,23.0,33.0,4.5,31.2267,121.4236,31.2285,121.4391
11111,45,33.0,32.0,28.0,3.8,31.2388,121.4312,31.2391,121.4221
10077,45,33.0,42.0,30.0,3.9,31.2395,121.4306,31.2444,121.4268
23394,45,43.0,32.0,36.0,4.5,31.2434,121.4352,31.236,121.4233
12848,45,68.0,69.0,30.0,4.3,31.2626,121.4855,31.2623,121.4966
4908,45,13.0,13.0,24.0,3.7,31.2164,121.4349,31.2146,121.4343
11261,45,22.0,33.0,37.0,4.6000000000000005,31.2261,121.4274,31.2361,121.4396
28549,45,23.0,44.0,48.0,5.8,31.2209,121.4321,31.2455,121.4453
22817,45,33.0,42.0,37.0,4.800000000000001,31.2305,121.4318,31.2426,121.4207
34741,45,24.0,23.0,35.0,4.9,31.2262,121.4493,31.2246,121.4351
33577,45,7.0,7.0,29.0,4.4,31.2097,121.4792,31.2025,121.4749
32730,45,0.0,0.0,27.0,3.9,31.2078,121.4007,31.2029,121.4028
7348,45,36.0,17.0,42.0,4.9,31.2311,121.4614,31.2156,121.4727
33909,45,1.0,10.0,36.0,4.9,31.209,121.4158,31.219,121.4083
31454,45,93.0,94.0,32.0,4.2,31.2949,121.4341,31.2945,121.4453
21356,45,24.0,13.0,42.0,5.2,31.2265,121.447,31.2118,121.4341
33484,45,24.0,13.0,38.0,4.4,31.2216,121.4493,31.2183,121.4317
18528,45,35.0,25.0,31.0,4.3,31.2335,121.4565,31.2242,121.455
7560,45,57.0,56.0,34.0,4.800000000000001,31.2515,121.4771,31.2565,121.4645
24296,45,44.0,46.0,37.0,4.6000000000000005,31.241,121.448,31.2466,121.4652
36943,46,22.0,34.0,44.0,5.6000000000000005,31.2223,121.4209,31.2368,121.4424
13782,46,22.0,23.0,31.0,4.1,31.2216,121.4241,31.2284,121.4321
8769,46,75.0,74.0,29.0,4.5,31.2799,121.4574,31.2782,121.4472
18924,46,44.0,43.0,36.0,4.9,31.2408,121.4495,31.2485,121.4393
14696,46,77.0,79.0,45.0,5.6000000000000005,31.2787,121.4727,31.2736,121.4998
20188,46,68.0,58.0,35.0,4.5,31.2665,121.4813,31.2523,121.4885
25949,46,69.0,69.0,25.0,3.8,31.2632,121.498,31.2623,121.4967
34297,46,57.0,46.0,33.0,4.2,31.2515,121.4771,31.2483,121.4672
9517,46,23.0,11.0,40.0,5.0,31.2282,121.4351,31.2165,121.418
22889,46,11.0,14.0,38.0,5.2,31.2102,121.4198,31.211,121.442
22911,46,24.0,15.0,31.0,4.5,31.225,121.4473,31.2191,121.4547
14079,46,43.0,34.0,32.0,4.2,31.2417,121.433,31.2309,121.4421
10147,46,11.0,12.0,34.0,4.7,31.217,121.4109,31.2145,121.4271
38083,46,59.0,58.0,32.0,4.1,31.2543,121.4919,31.2585,121.4804
19162,46,72.0,61.0,40.0,5.1,31.2737,121.427,31.2608,121.4108
16075,46,31.0,21.0,25.0,3.4,31.2303,121.4199,31.228,121.4157
19137,46,84.0,82.0,36.0,4.7,31.2846,121.4463,31.2896,121.4292
28660,46,77.0,88.0,30.0,4.7,31.2787,121.4727,31.2841,121.4836
21540,46,75.0,73.0,42.0,5.1,31.2751,121.4579,31.2784,121.4319
23556,46,58.0,59.0,31.0,4.4,31.2545,121.4855,31.2504,121.4945
34475,46,75.0,76.0,28.0,4.2,31.2764,121.4598,31.2708,121.4635
2001,46,24.0,35.0,37.0,4.4,31.2246,121.4457,31.2361,121.4566
33908,46,0.0,1.0,32.0,4.3,31.2093,121.4064,31.2031,121.4103
35906,46,42.0,63.0,46.0,5.9,31.2425,121.4247,31.2691,121.431
30840,47,11.0,11.0,25.0,3.4,31.2171,121.414,31.2193,121.41
3334,47,31.0,22.0,36.0,4.9,31.2303,121.4121,31.2211,121.4244
23841,47,25.0,26.0,33.0,4.4,31.221,121.4568,31.2295,121.4617
21506,47,75.0,73.0,37.0,5.1,31.275,121.4573,31.2782,121.4389
23133,47,23.0,32.0,36.0,4.800000000000001,31.2209,121.4321,31.2337,121.4293
13269,47,8.0,8.0,28.0,3.5,31.2076,121.4825,31.204,121.4839
16201,47,77.0,77.0,22.0,3.5,31.2747,121.4778,31.2739,121.477
7649,47,75.0,64.0,39.0,5.3,31.2737,121.4593,31.2613,121.444
37418,47,35.0,45.0,24.0,3.4,31.2399,121.4559,31.2428,121.4531
788,47,2.0,14.0,44.0,5.3,31.205,121.4216,31.2143,121.4467
32821,47,37.0,47.0,30.0,4.0,31.2341,121.4764,31.242,121.4777
28368,47,24.0,35.0,40.0,5.0,31.2252,121.4493,31.2398,121.457
31807,47,44.0,52.0,46.0,5.3,31.2444,121.4465,31.2564,121.4234
22973,47,31.0,41.0,38.0,4.5,31.2323,121.4107,31.2467,121.4158
27951,47,6.0,5.0,32.0,4.9,31.204,121.4664,31.2067,121.4535
37031,47,44.0,45.0,26.0,3.8,31.2408,121.4495,31.2429,121.4527
19961,47,69.0,79.0,38.0,4.4,31.2616,121.4932,31.2752,121.4936
35946,47,13.0,13.0,32.0,3.9,31.2138,121.4308,31.2123,121.439
1326,47,66.0,65.0,38.0,5.1000000000000005,31.2688,121.4678,31.2618,121.4519
12722,47,24.0,24.0,28.0,3.6,31.2259,121.45,31.2278,121.4472
2305,47,17.0,27.0,34.0,4.9,31.2124,121.4773,31.2243,121.4754
2537,48,58.0,69.0,39.0,4.699999999999999,31.2545,121.4855,31.2685,121.4958
24744,48,71.0,61.0,33.0,4.3,31.2719,121.4121,31.2608,121.4157
35186,48,35.0,25.0,25.0,3.7,31.2308,121.4559,31.2271,121.4585
24799,48,26.0,34.0,43.0,5.0,31.2259,121.4688,31.2318,121.4452
17745,48,11.0,12.0,33.0,4.1,31.217,121.4109,31.21,121.4207
18944,48,69.0,79.0,32.0,4.1,31.2632,121.498,31.273,121.4965
18584,48,24.0,25.0,30.0,3.6,31.2229,121.4434,31.2201,121.4503
13806,48,94.0,93.0,35.0,4.6000000000000005,31.296,121.446,31.2901,121.4308
9874,48,25.0,25.0,24.0,4.1,31.2284,121.4592,31.225,121.4558
6853,48,6.0,18.0,36.0,4.699999999999999,31.2058,121.4657,31.2134,121.4821
10141,48,26.0,14.0,46.0,5.8,31.2259,121.4688,31.2141,121.4404
19020,48,97.0,96.0,35.0,4.800000000000001,31.2906,121.4778,31.2947,121.4629
28441,48,44.0,44.0,28.0,3.6,31.2435,121.4452,31.2481,121.4474
9706,48,35.0,25.0,36.0,4.4,31.2361,121.4527,31.2215,121.4583
35360,48,24.0,13.0,33.0,4.7,31.2262,121.4419,31.2189,121.4356
38215,48,58.0,67.0,35.0,4.800000000000001,31.2503,121.4803,31.264,121.4761
31213,48,12.0,32.0,46.0,5.4,31.2117,121.4299,31.2374,121.4297
37920,48,11.0,20.0,37.0,5.0,31.215,121.4193,31.2237,121.4066
24137,48,33.0,33.0,25.0,3.7,31.23,121.4355,31.231,121.4308
25180,48,11.0,20.0,42.0,5.5,31.21,121.4144,31.2235,121.4005
27495,48,24.0,24.0,25.0,3.5,31.2265,121.447,31.2274,121.4471
12835,48,44.0,43.0,29.0,4.1,31.2437,121.4403,31.2462,121.4313
7371,48,35.0,35.0,24.0,3.7,31.2308,121.4559,31.2308,121.4537
4784,48,43.0,54.0,34.0,4.800000000000001,31.244,121.432,31.2527,121.4433
4431,49,72.0,53.0,43.0,5.5,31.2737,121.427,31.2503,121.4322
2283,49,24.0,24.0,28.0,3.7,31.2213,121.4438,31.2247,121.4425
27255,49,35.0,43.0,34.0,4.6000000000000005,31.2397,121.4546,31.2446,121.4385
3812,49,74.0,73.0,24.0,3.7,31.2731,121.4418,31.2744,121.4369
6550,49,77.0,66.0,36.0,4.7,31.2716,121.4736,31.2666,121.4604
28960,49,44.0,55.0,32.0,4.5,31.2436,121.444,31.2537,121.4544
21481,49,31.0,30.0,30.0,3.9,31.2392,121.4189,31.2353,121.4095
5883,49,7.0,7.0,26.0,3.9,31.2008,121.4797,31.2066,121.4788
32493,49,24.0,15.0,37.0,4.6,31.2262,121.4493,31.2111,121.4591
7865,49,68.0,78.0,38.0,4.8,31.2623,121.4815,31.2778,121.485
6354,49,75.0,73.0,43.0,5.4,31.2793,121.4593,31.2746,121.4317
9269,49,69.0,78.0,36.0,5.1,31.2632,121.498,31.2764,121.4877
16550,49,74.0,74.0,30.0,3.9,31.2731,121.4418,31.2762,121.4465
30046,49,6.0,5.0,35.0,4.6000000000000005,31.2063,121.4679,31.2019,121.4526
3531,49,11.0,13.0,41.0,5.5,31.2171,121.414,31.217,121.4372
34748,49,69.0,78.0,44.0,5.2,31.2611,121.4985,31.2772,121.48
10974,49,27.0,19.0,36.0,5.0,31.2267,121.4772,31.2161,121.4901
2538,49,58.0,69.0,43.0,5.4,31.2504,121.4808,31.2683,121.4943
15196,49,77.0,79.0,35.0,4.6000000000000005,31.2721,121.4799,31.2773,121.4942
10458,49,25.0,26.0,34.0,4.0,31.222,121.4577,31.2263,121.4677
11244,49,88.0,86.0,40.0,5.3,31.2876,121.4881,31.2851,121.466
12434,49,77.0,88.0,34.0,4.3,31.2747,121.4778,31.2862,121.482
11528,49,44.0,43.0,25.0,3.4000000000000004,31.2441,121.4404,31.2426,121.4391
36022,49,69.0,59.0,27.0,4.0,31.2611,121.4985,31.2558,121.4954
10181,50,7.0,7.0,27.0,3.8,31.2042,121.4728,31.2015,121.4781
34421,50,24.0,24.0,22.0,3.9,31.2254,121.4403,31.2232,121.4401
30456,50,34.0,44.0,30.0,4.0,31.2361,121.4452,31.2419,121.4439
35985,50,11.0,20.0,33.0,4.3,31.2159,121.416,31.2274,121.4087
33214,50,53.0,43.0,36.0,4.9,31.259,121.4362,31.2447,121.4387
13454,50,69.0,69.0,30.0,4.5,31.2606,121.4982,31.27,121.4949
21271,50,2.0,12.0,37.0,4.4,31.2034,121.4228,31.2182,121.428
16972,50,71.0,62.0,35.0,5.0,31.2786,121.4165,31.2675,121.4259
22943,50,66.0,77.0,28.0,3.6,31.2688,121.4678,31.2737,121.4701
34559,50,75.0,75.0,32.0,3.8,31.2788,121.4563,31.2712,121.4576
11988,50,24.0,25.0,32.0,4.1,31.2203,121.4462,31.2296,121.4516
1559,50,57.0,58.0,37.0,4.6000000000000005,31.2563,121.4716,31.2517,121.4874
20520,50,71.0,70.0,32.0,4.800000000000001,31.2703,121.4101,31.2789,121.4015
9057,50,75.0,65.0,31.0,4.2,31.2706,121.4532,31.2607,121.4551
1266,50,17.0,37.0,45.0,6.1000000000000005,31.2124,121.4773,31.2377,121.4743
17300,50,11.0,12.0,34.0,4.6000000000000005,31.2197,121.4108,31.2135,121.4228
96,50,44.0,53.0,42.0,5.0,31.241,121.448,31.2582,121.44
20922,50,26.0,24.0,43.0,5.6,31.2248,121.4674,31.2205,121.4417
14864,50,11.0,10.0,30.0,3.9,31.2159,121.416,31.217,121.4076
32447,50,47.0,35.0,36.0,4.5,31.2428,121.4735,31.239,121.4584
15630,50,25.0,25.0,27.0,3.8,31.22,121.4515,31.2225,121.4509
12123,50,0.0,0.0,26.0,3.5,31.2023,121.4008,31.2048,121.4051
12566,50,75.0,54.0,34.0,4.5,31.2719,121.4509,31.2582,121.4458
28104,50,26.0,24.0,39.0,5.4,31.2236,121.4662,31.2205,121.4431
12654,50,45.0,45.0,31.0,3.9,31.2431,121.4578,31.2476,121.4505
19222,51,32.0,44.0,44.0,5.5,31.2397,121.4253,31.2421,121.4495
30038,51,11.0,2.0,36.0,4.5,31.2152,121.4171,31.2029,121.4206
15446,51,45.0,24.0,43.0,5.2,31.2474,121.4578,31.23,121.4425
14251,51,7.0,6.0,28.0,3.8,31.2015,121.4765,31.2009,121.4681
26666,51,38.0,36.0,45.0,5.5,31.2358,121.4878,31.2333,121.4613
20937,51,17.0,18.0,31.0,4.2,31.2112,121.4712,31.2122,121.4825
13175,51,58.0,58.0,28.0,4.3,31.2503,121.4823,31.2578,121.4837
20813,51,87.0,97.0,34.0,4.9,31.284,121.4715,31.299,121.4752
33190,51,24.0,33.0,38.0,4.699999999999999,31.2203,121.4462,31.2366,121.44
35195,51,11.0,21.0,38.0,5.1000000000000005,31.215,121.4193,31.2295,121.4164
7408,51,47.0,46.0,24.0,4.0,31.2428,121.4735,31.2428,121.469
9915,51,77.0,69.0,36.0,4.800000000000001,31.2779,121.4787,31.2685,121.4929
3694,51,57.0,57.0,27.0,4.1,31.2512,121.4754,31.2529,121.4725
15281,51,0.0,10.0,31.0,4.4,31.2038,121.4068,31.2132,121.4078
5714,51,36.0,16.0,36.0,5.199999999999999,31.2302,121.4612,31.2155,121.4698
1723,51,69.0,69.0,32.0,4.1,31.2618,121.4906,31.2699,121.4986
17368,51,22.0,32.0,33.0,4.4,31.2266,121.4273,31.2356,121.4256
14877,51,24.0,15.0,35.0,5.0,31.2263,121.4456,31.2137,121.4563
13894,51,35.0,33.0,40.0,5.3,31.2323,121.4515,31.238,121.4308
21890,51,18.0,19.0,24.0,3.8,31.2194,121.4891,31.2198,121.4915
34392,51,21.0,12.0,34.0,4.7,31.2211,121.4191,31.2165,121.4298
23490,51,53.0,52.0,40.0,4.699999999999999,31.2502,121.4368,31.2578,121.4203
29064,51,90.0,70.0,34.0,4.800000000000001,31.2935,121.4029,31.279,121.4022
10600,51,56.0,76.0,41.0,5.2,31.2529,121.4646,31.271,121.4623
9882,51,71.0,81.0,37.0,4.5,31.2747,121.4126,31.289,121.4154
15172,52,16.0,26.0,35.0,4.5,31.2177,121.4611,31.2294,121.4675
32950,52,75.0,64.0,30.0,4.1,31.2718,121.457,31.2643,121.4487
35364,52,0.0,10.0,30.0,4.0,31.2078,121.4007,31.2165,121.4083
20655,52,6.0,7.0,24.0,3.6,31.2048,121.4696,31.2057,121.4731
13698,52,35.0,26.0,29.0,3.8,31.2302,121.453,31.2296,121.4604
34301,52,57.0,77.0,40.0,4.8,31.2512,121.4754,31.2703,121.474
26438,52,35.0,26.0,35.0,4.9,31.2361,121.4527,31.2272,121.4651
1209,52,77.0,77.0,26.0,4.1,31.2721,121.4799,31.2765,121.4783
23703,52,11.0,11.0,28.0,4.1,31.215,121.4193,31.2149,121.4147
10372,52,75.0,56.0,40.0,5.1,31.2714,121.4541,31.2544,121.47
14672,52,49.0,59.0,36.0,4.9,31.244,121.4954,31.2572,121.4937
1260,52,75.0,84.0,30.0,3.7,31.2798,121.4554,31.282,121.4495
31518,52,77.0,86.0,30.0,4.3,31.2718,121.4719,31.2802,121.4636
18197,52,17.0,9.0,45.0,5.9,31.2144,121.4709,31.2032,121.4941
22551,52,34.0,33.0,32.0,4.5,31.2398,121.4443,31.2309,121.4395
21561,52,57.0,77.0,34.0,5.0,31.2581,121.4703,31.2735,121.4719
36168,52,16.0,17.0,32.0,4.2,31.212,121.4646,31.2146,121.4797
5216,52,6.0,17.0,36.0,4.7,31.2063,121.4679,31.2165,121.4778
35487,52,6.0,7.0,31.0,4.5,31.204,121.4664,31.2062,121.4781
28778,52,99.0,99.0,26.0,3.2,31.2929,121.4992,31.2931,121.4979
7228,53,11.0,13.0,32.0,4.5,31.2138,121.4194,31.2116,121.4342
10647,53,71.0,62.0,33.0,4.2,31.2719,121.4121,31.268,121.4251
31112,53,2.0,3.0,28.0,4.5,31.2041,121.425,31.2085,121.4323
436,53,58.0,27.0,56.0,6.699999999999999,31.2585,121.4861,31.2205,121.4734
23092,53,11.0,21.0,34.0,4.2,31.217,121.4109,31.2289,121.4131
37627,53,27.0,29.0,32.0,4.5,31.2245,121.4766,31.2223,121.4913
12543,53,11.0,31.0,42.0,5.0,31.2139,121.4137,31.2316,121.4184
36315,53,71.0,71.0,27.0,3.5,31.2752,121.4161,31.274,121.4133
3933,53,75.0,63.0,44.0,5.800000000000001,31.2716,121.4597,31.2613,121.4308
16774,53,2.0,1.0,30.0,3.9,31.205,121.4216,31.2067,121.4144
8010,53,16.0,7.0,34.0,5.1000000000000005,31.2177,121.4611,31.2047,121.4714
14349,53,43.0,34.0,39.0,5.4,31.2466,121.43,31.2314,121.4427
15463,53,2.0,12.0,35.0,4.9,31.2041,121.425,31.2173,121.4208
32331,53,99.0,98.0,34.0,4.800000000000001,31.2929,121.4992,31.2971,121.4858
21632,53,45.0,35.0,35.0,4.4,31.2457,121.4558,31.2343,121.4563
13918,53,12.0,11.0,37.0,4.6000000000000005,31.2157,121.4284,31.211,121.4114
19279,53,77.0,77.0,25.0,4.0,31.2787,121.4727,31.2746,121.4712
28447,53,45.0,45.0,29.0,4.2,31.2404,121.4583,31.2489,121.4559
30030,53,12.0,24.0,38.0,5.5,31.2114,121.4256,31.2225,121.4452
22256,54,12.0,10.0,39.0,4.8,31.2165,121.4222,31.2193,121.4012
6260,54,27.0,38.0,35.0,4.5,31.2243,121.4731,31.2307,121.4857
19000,54,27.0,38.0,36.0,4.2,31.2267,121.4772,31.238,121.485
37356,54,33.0,32.0,36.0,5.0,31.23,121.4355,31.2335,121.4202
16623,54,18.0,19.0,32.0,4.9,31.2192,121.4808,31.2146,121.495
7736,54,75.0,65.0,36.0,4.9,31.2743,121.4511,31.2613,121.4513
5517,54,25.0,25.0,25.0,3.9,31.2265,121.4529,31.2239,121.455
14288,54,35.0,25.0,38.0,4.4,31.2397,121.4545,31.2257,121.4552
153,54,25.0,15.0,38.0,5.1000000000000005,31.2261,121.4596,31.2107,121.4587
3944,54,26.0,13.0,49.0,5.800000000000001,31.2236,121.4662,31.2157,121.4317
29594,54,7.0,7.0,26.0,3.8,31.2015,121.4765,31.2029,121.4734
12000,54,45.0,45.0,24.0,4.0,31.2427,121.4573,31.2403,121.4592
30012,54,42.0,41.0,27.0,3.7,31.2425,121.4247,31.2438,121.4171
6653,54,75.0,41.0,70.0,8.0,31.273,121.4573,31.2416,121.4114
27260,54,31.0,31.0,28.0,4.1,31.234,121.4145,31.2381,121.416
22805,54,6.0,7.0,35.0,4.2,31.2079,121.4604,31.2028,121.4734
33255,54,75.0,65.0,38.0,5.5,31.279,121.4546,31.2609,121.457
16805,54,67.0,56.0,26.0,4.2,31.262,121.475,31.2595,121.4678
8083,54,12.0,1.0,40.0,4.699999999999999,31.22,121.4211,31.2035,121.4175
1424,54,25.0,35.0,36.0,4.800000000000001,31.2253,121.4583,31.2389,121.4566
12111,54,84.0,74.0,33.0,4.3,31.2864,121.4494,31.2765,121.445
32127,54,75.0,50.0,61.0,7.6,31.2719,121.4509,31.2506,121.4072
36384,55,11.0,2.0,38.0,5.1000000000000005,31.2158,121.4142,31.207,121.4272
18323,55,22.0,23.0,29.0,3.8,31.2266,121.4273,31.2219,121.4308
22454,55,11.0,12.0,31.0,4.7,31.2138,121.42,31.21,121.43
35423,55,67.0,79.0,46.0,6.1000000000000005,31.2691,121.4713,31.2762,121.4999
7113,55,69.0,59.0,29.0,3.8,31.2639,121.4922,31.2572,121.4974
1271,55,18.0,9.0,40.0,5.1,31.216,121.4829,31.2007,121.4971
32062,55,69.0,68.0,25.0,3.7,31.2618,121.4906,31.2639,121.4861
31382,55,33.0,34.0,26.0,3.8,31.2332,121.4394,31.2392,121.4418
26959,55,42.0,53.0,32.0,4.4,31.2425,121.4247,31.2512,121.4323
34896,55,24.0,14.0,26.0,4.3,31.2214,121.4423,31.2189,121.4475
37339,55,44.0,34.0,34.0,4.1,31.2441,121.4404,31.2373,121.4498
11880,55,45.0,43.0,40.0,5.7,31.2427,121.4573,31.2477,121.4339
27671,55,58.0,59.0,33.0,4.3,31.2571,121.4841,31.256,121.4975
1313,55,90.0,90.0,25.0,3.9,31.296,121.401,31.2942,121.4034
11972,55,24.0,24.0,29.0,3.8,31.2203,121.4462,31.225,121.4431
16459,55,77.0,66.0,31.0,4.2,31.2718,121.4719,31.2642,121.4639
28780,55,99.0,99.0,27.0,3.6,31.2929,121.4992,31.2976,121.4985
22410,56,75.0,50.0,67.0,7.6,31.2799,121.4582,31.2551,121.4068
9670,56,75.0,50.0,67.0,7.7,31.2747,121.4527,31.2501,121.4025
9393,56,16.0,26.0,38.0,4.6000000000000005,31.2146,121.4618,31.2291,121.4641
17339,56,24.0,13.0,36.0,4.6000000000000005,31.2276,121.4402,31.2126,121.4378
5483,56,27.0,7.0,47.0,5.800000000000001,31.225,121.4778,31.2002,121.4744
3378,56,58.0,66.0,39.0,4.6,31.2585,121.4861,31.2621,121.4661
27743,56,30.0,20.0,31.0,4.4,31.239,121.4026,31.228,121.4044
25271,56,18.0,18.0,32.0,4.1,31.2111,121.48,31.2144,121.4894
13047,56,24.0,34.0,35.0,4.5,31.2213,121.4438,31.236,121.443
450,56,54.0,43.0,36.0,4.4,31.2541,121.4465,31.2438,121.4334
2005,56,23.0,24.0,31.0,4.4,31.2289,121.4389,31.2225,121.4454
11231,56,11.0,23.0,39.0,5.1,31.2139,121.4166,31.2276,121.4322
14745,56,23.0,24.0,26.0,4.0,31.2282,121.4351,31.2254,121.4413
1381,56,75.0,43.0,54.0,6.5,31.2755,121.4585,31.2466,121.4376
26682,56,88.0,88.0,32.0,4.4,31.2808,121.4868,31.2889,121.4883
24213,57,35.0,23.0,41.0,5.5,31.2375,121.4595,31.2253,121.4388
18968,57,45.0,36.0,32.0,4.2,31.2427,121.4573,31.2355,121.4669
35829,57,27.0,29.0,33.0,4.9,31.2285,121.4757,31.2243,121.4905
20533,57,53.0,52.0,26.0,3.3000000000000003,31.2514,121.4322,31.2509,121.4299
31708,57,45.0,36.0,35.0,4.5,31.2468,121.4578,31.2354,121.4646
10576,57,57.0,56.0,30.0,3.7,31.2553,121.4754,31.2532,121.468
11745,57,15.0,14.0,26.0,3.7,31.2155,121.4508,31.2113,121.4455
32458,57,75.0,74.0,29.0,4.1,31.2701,121.452,31.2745,121.4477
3453,57,75.0,42.0,56.0,7.1000000000000005,31.2779,121.4523,31.2468,121.4269
2522,57,67.0,77.0,29.0,3.8,31.2687,121.4721,31.2723,121.4782
28606,57,6.0,17.0,36.0,5.0,31.2051,121.4607,31.2135,121.4789
34669,57,25.0,36.0,40.0,4.9,31.2237,121.4537,31.2356,121.4694
18706,57,48.0,57.0,36.0,4.9,31.2425,121.4824,31.2538,121.4765
15977,57,33.0,43.0,31.0,4.1,31.2395,121.4306,31.2481,121.434
5603,57,44.0,43.0,28.0,4.3,31.2444,121.4465,31.2406,121.4387
36065,57,94.0,85.0,39.0,5.4,31.2977,121.4402,31.2864,121.4566
10336,57,57.0,48.0,37.0,4.9,31.2519,121.4721,31.249,121.4898
32285,57,13.0,24.0,39.0,5.0,31.2112,121.4321,31.2204,121.449
33961,57,45.0,47.0,40.0,5.0,31.2435,121.4538,31.2402,121.4781
35019,57,25.0,33.0,42.0,5.0,31.2253,121.4558,31.2336,121.4328
6251,58,71.0,52.0,42.0,5.4,31.2706,121.4147,31.2511,121.428
1052,58,22.0,32.0,34.0,4.6000000000000005,31.2268,121.4202,31.2392,121.4202
15096,58,75.0,86.0,33.0,4.800000000000001,31.2779,121.4547,31.2861,121.4642
25887,58,33.0,43.0,35.0,4.7,31.2312,121.4394,31.2421,121.4345
28053,58,7.0,8.0,29.0,4.0,31.2025,121.4797,31.2083,121.4863
3972,58,77.0,56.0,44.0,5.3,31.2716,121.4736,31.2501,121.4659
21889,58,18.0,8.0,33.0,4.2,31.2137,121.4818,31.2031,121.4849
6548,58,77.0,77.0,29.0,4.2,31.2787,121.4727,31.2797,121.4781
26023,58,25.0,26.0,29.0,4.4,31.2269,121.4582,31.2208,121.4639
15313,58,7.0,8.0,33.0,4.2,31.2097,121.4792,31.2006,121.4844
23921,58,0.0,10.0,30.0,4.7,31.2078,121.4007,31.2186,121.4022
26317,58,1.0,11.0,29.0,3.6,31.209,121.4158,31.2151,121.4151
36136,58,42.0,52.0,37.0,4.9,31.2425,121.4247,31.257,121.4254
18220,58,13.0,14.0,34.0,4.7,31.2138,121.4308,31.2134,121.4438
22117,58,77.0,66.0,42.0,5.0,31.2784,121.4785,31.2615,121.4677
4326,58,77.0,77.0,30.0,3.8,31.2779,121.4787,31.2755,121.4731
5367,59,6.0,18.0,42.0,5.2,31.2023,121.4625,31.219,121.4804
13307,59,11.0,12.0,25.0,3.3000000000000003,31.2162,121.419,31.2176,121.4209
17882,59,75.0,75.0,27.0,4.0,31.2701,121.4523,31.2725,121.452
3567,59,58.0,38.0,48.0,5.4,31.2585,121.4861,31.2331,121.487
38210,59,11.0,10.0,23.0,3.6,31.2109,121.412,31.211,121.4094
31451,59,94.0,85.0,43.0,5.3,31.2977,121.4402,31.2824,121.4592
10118,59,7.0,8.0,30.0,4.3,31.2032,121.4777,31.2051,121.4887
12069,59,69.0,69.0,24.0,3.5,31.2616,121.4932,31.265,121.4928
20297,59,57.0,56.0,32.0,4.0,31.2539,121.4757,31.2519,121.4637
18679,59,35.0,43.0,42.0,5.3,31.2323,121.4515,31.2437,121.4328
26513,59,62.0,63.0,32.0,4.4,31.264,121.4242,31.2693,121.4342
25503,59,6.0,5.0,32.0,4.5,31.2063,121.4679,31.2022,121.4541
11171,59,7.0,7.0,26.0,3.9,31.2025,121.4797,31.2077,121.4751
2839,59,27.0,37.0,28.0,4.1,31.225,121.4778,31.2303,121.4779
26377,59,24.0,23.0,31.0,4.1,31.2216,121.4493,31.2288,121.4395
12869,59,11.0,13.0,37.0,5.0,31.2102,121.4198,31.2198,121.4355
10603,59,56.0,56.0,27.0,4.0,31.2571,121.4627,31.2554,121.4682
14880,60,24.0,24.0,26.0,4.0,31.2258,121.4479,31.2292,121.445
24453,60,25.0,25.0,29.0,4.0,31.2273,121.455,31.2203,121.4572
2489,60,58.0,59.0,34.0,4.1,31.2503,121.4803,31.2512,121.4933
36179,60,27.0,27.0,27.0,3.5,31.2298,121.4761,31.226,121.4762
24312,60,24.0,23.0,30.0,4.5,31.2247,121.4484,31.227,121.4395
15009,60,41.0,40.0,37.0,4.6000000000000005,31.2493,121.4176,31.2403,121.4025
28651,60,24.0,26.0,44.0,5.3,31.2297,121.4415,31.228,121.4685
10736,60,84.0,93.0,34.0,4.0,31.2883,121.4429,31.2957,121.435
615,60,25.0,45.0,37.0,4.9,31.2253,121.4583,31.2431,121.4565
27735,60,25.0,25.0,24.0,4.1,31.2273,121.455,31.2258,121.4514
22564,60,36.0,16.0,33.0,4.5,31.2302,121.4612,31.2195,121.4699
1581,60,44.0,33.0,36.0,4.6000000000000005,31.2444,121.4419,31.2344,121.4346
23476,60,84.0,93.0,32.0,4.7,31.2846,121.4463,31.2905,121.4328
716,60,71.0,90.0,43.0,5.3,31.2721,121.412,31.2948,121.4067
1689,60,84.0,62.0,47.0,5.6000000000000005,31.2804,121.4455,31.2666,121.4204
3937,60,24.0,43.0,46.0,5.9,31.2216,121.4493,31.2427,121.4345
12047,60,7.0,38.0,58.0,6.800000000000001,31.202,121.48,31.2382,121.4875
37838,60,85.0,76.0,33.0,4.2,31.2814,121.4541,31.2779,121.4653
5751,61,31.0,32.0,36.0,4.7,31.2304,121.4128,31.2357,121.4274
6583,61,69.0,89.0,49.0,6.1,31.2619,121.4929,31.2889,121.4946
32063,61,69.0,89.0,43.0,5.3,31.2639,121.4922,31.2855,121.4947
9245,61,87.0,87.0,25.0,3.6,31.284,121.4715,31.2858,121.473
29299,61,43.0,53.0,33.0,4.7,31.2481,121.4355,31.2578,121.4361
5599,61,77.0,76.0,36.0,4.9,31.2784,121.4785,31.2731,121.4662
2320,61,7.0,19.0,40.0,5.4,31.2025,121.4797,31.2182,121.496
15978,61,76.0,67.0,30.0,4.0,31.2759,121.4696,31.2669,121.4767
4597,61,14.0,4.0,29.0,4.3,31.2112,121.4448,31.2047,121.4411
18491,61,31.0,32.0,28.0,3.8,31.2345,121.4116,31.2313,121.4213
9247,61,88.0,96.0,45.0,5.9,31.2827,121.4884,31.2993,121.4698
33950,61,44.0,43.0,27.0,4.0,31.2444,121.4419,31.2464,121.4359
2983,61,15.0,7.0,44.0,5.7,31.2186,121.4593,31.2021,121.4773
16420,61,56.0,57.0,30.0,4.6,31.2501,121.4679,31.2529,121.4783
192,61,35.0,34.0,29.0,4.1,31.2343,121.4579,31.2365,121.4487
37179,61,97.0,96.0,24.0,4.0,31.293,121.47,31.2965,121.4689
22701,62,48.0,68.0,42.0,5.0,31.2425,121.4824,31.2646,121.4845
5600,62,77.0,66.0,36.0,4.6000000000000005,31.2784,121.4785,31.2694,121.4664
9296,62,75.0,75.0,29.0,4.1,31.2772,121.453,31.2737,121.4594
29568,62,37.0,27.0,30.0,4.6,31.2341,121.4764,31.2238,121.4735
2989,62,71.0,71.0,27.0,3.8,31.2703,121.4101,31.2733,121.4131
38072,62,48.0,49.0,31.0,3.8,31.2465,121.4877,31.2401,121.4903
37256,62,24.0,24.0,29.0,4.2,31.2235,121.4481,31.2273,121.4409
6776,62,35.0,35.0,26.0,4.0,31.2317,121.4585,31.2311,121.4518
13197,62,43.0,53.0,35.0,5.0,31.2448,121.434,31.2595,121.4383
36366,62,44.0,42.0,45.0,5.2,31.241,121.448,31.2437,121.421
30124,62,13.0,34.0,41.0,5.3,31.2165,121.4365,31.2352,121.4401
27569,62,57.0,57.0,31.0,4.2,31.2519,121.4721,31.2597,121.4761
34323,62,11.0,31.0,46.0,5.5,31.2138,121.4194,31.2363,121.4102
37375,63,24.0,25.0,36.0,4.7,31.2221,121.4402,31.2234,121.4551
1280,63,77.0,76.0,29.0,4.3,31.2718,121.4719,31.2752,121.4675
28576,63,24.0,43.0,43.0,5.5,31.2278,121.4445,31.2492,121.4359
32159,63,43.0,55.0,42.0,5.9,31.2427,121.4365,31.2597,121.4564
15266,63,77.0,88.0,34.0,5.1000000000000005,31.2769,121.4718,31.2839,121.4874
10854,63,25.0,26.0,34.0,4.7,31.2294,121.4534,31.2251,121.4695
2780,63,75.0,65.0,28.0,4.4,31.2704,121.4521,31.2627,121.4572
37912,63,12.0,2.0,29.0,4.2,31.2178,121.425,31.21,121.4215
15657,63,16.0,27.0,34.0,4.2,31.2177,121.4611,31.2264,121.4712
8784,63,75.0,64.0,36.0,5.1000000000000005,31.273,121.4573,31.2653,121.4424
29376,63,43.0,45.0,41.0,5.4,31.2475,121.433,31.248,121.4577
14452,63,57.0,57.0,22.0,3.5,31.2515,121.4771,31.2505,121.4792
32566,63,25.0,24.0,40.0,4.6,31.2293,121.4595,31.2257,121.4415
6763,63,77.0,77.0,27.0,4.1,31.2763,121.4703,31.2781,121.4759
34432,63,75.0,54.0,45.0,5.5,31.2781,121.4502,31.255,121.442
22050,63,75.0,86.0,32.0,4.5,31.2799,121.4582,31.2857,121.4666
5585,64,24.0,23.0,34.0,4.1,31.2247,121.4484,31.2247,121.4359
35606,64,77.0,89.0,42.0,5.4,31.2718,121.4719,31.2848,121.494
25265,64,56.0,57.0,35.0,4.3,31.2516,121.4647,31.2552,121.4778
24537,64,24.0,26.0,38.0,5.0,31.2229,121.4434,31.2292,121.465
31591,64,36.0,26.0,36.0,4.4,31.2364,121.469,31.2247,121.4652
9190,64,25.0,35.0,31.0,4.6,31.2257,121.4505,31.2335,121.4588
10169,64,2.0,3.0,33.0,4.800000000000001,31.2034,121.4228,31.2022,121.4375
15843,64,24.0,24.0,25.0,3.5,31.225,121.4473,31.2231,121.4474
6034,64,77.0,86.0,34.0,4.6000000000000005,31.2718,121.4719,31.286,121.4685
7969,64,57.0,56.0,25.0,3.8,31.2563,121.4716,31.2547,121.4681
9716,64,11.0,2.0,42.0,5.1,31.2141,121.4105,31.2042,121.4284
38033,64,47.0,46.0,28.0,3.9,31.2482,121.4705,31.2479,121.4668
33467,64,24.0,32.0,36.0,4.4,31.2234,121.4445,31.2303,121.4294
8971,64,75.0,63.0,40.0,5.4,31.2728,121.4597,31.2665,121.4377
34185,65,22.0,13.0,42.0,5.5,31.229,121.4257,31.2127,121.4391
22768,65,84.0,72.0,41.0,5.2,31.2804,121.4455,31.2739,121.4248
24534,65,24.0,25.0,33.0,4.2,31.2214,121.4403,31.2249,121.4546
8917,65,11.0,11.0,23.0,3.5,31.213,121.4198,31.211,121.4194
31377,65,25.0,25.0,28.0,4.3,31.2293,121.4595,31.2236,121.454
12673,65,45.0,56.0,38.0,5.1,31.2435,121.4538,31.2584,121.4698
12332,65,12.0,2.0,39.0,5.0,31.2187,121.4237,31.2004,121.4288
3759,65,24.0,35.0,38.0,4.9,31.2229,121.4434,31.2387,121.4581
14045,65,45.0,43.0,41.0,5.2,31.2468,121.4578,31.2459,121.4345
3997,65,73.0,61.0,42.0,5.7,31.2765,121.4383,31.2665,121.4134
16737,65,73.0,61.0,45.0,5.9,31.2765,121.4383,31.2667,121.4125
34436,65,75.0,63.0,35.0,4.3,31.2743,121.4511,31.2676,121.439
30660,65,54.0,35.0,48.0,6.1000000000000005,31.2597,121.4412,31.2385,121.4574
19739,65,24.0,24.0,25.0,3.6,31.2258,121.4479,31.2243,121.4466
36005,65,6.0,16.0,30.0,3.8,31.2029,121.4614,31.2101,121.4658
31137,66,27.0,28.0,30.0,4.2,31.2245,121.4766,31.2207,121.4816
16369,66,13.0,4.0,37.0,5.0,31.2138,121.4308,31.2053,121.4444
12551,66,47.0,57.0,32.0,4.2,31.2475,121.4724,31.2548,121.4784
29581,66,26.0,25.0,32.0,4.2,31.2294,121.4693,31.2289,121.4582
16692,66,17.0,29.0,40.0,5.7,31.2112,121.4712,31.2236,121.4904
5657,66,27.0,28.0,34.0,4.4,31.2245,121.4766,31.2282,121.4886
13701,66,2.0,2.0,27.0,3.6,31.2041,121.425,31.2025,121.4279
1516,66,88.0,95.0,50.0,6.7,31.2827,121.4884,31.2981,121.4554
18236,66,18.0,29.0,33.0,4.9,31.2192,121.4808,31.2292,121.4908
10268,66,24.0,25.0,34.0,4.7,31.2291,121.4439,31.2262,121.4564
35054,66,75.0,75.0,27.0,3.8,31.2781,121.4502,31.2772,121.4533
9527,66,37.0,25.0,43.0,5.7,31.2373,121.4751,31.2241,121.453
5807,67,6.0,7.0,29.0,3.9,31.2076,121.4654,31.2023,121.4716
30757,67,75.0,75.0,27.0,3.8,31.2764,121.457,31.276,121.4528
8612,67,22.0,13.0,37.0,4.6,31.2223,121.4209,31.2117,121.4373
4613,67,66.0,76.0,30.0,4.5,31.2688,121.4678,31.2754,121.4628
11943,67,35.0,35.0,26.0,4.3,31.2399,121.4559,31.2345,121.4549
26675,67,77.0,67.0,34.0,4.6,31.2707,121.4788,31.2625,121.4703
37423,67,35.0,35.0,28.0,4.5,31.2309,121.459,31.2354,121.4524
35846,67,75.0,74.0,30.0,4.5,31.272,121.4514,31.2785,121.4417
12157,67,47.0,56.0,39.0,4.8,31.242,121.48,31.258,121.4695
7859,67,11.0,1.0,28.0,4.3,31.215,121.4193,31.209,121.4159
35761,67,16.0,27.0,32.0,4.6000000000000005,31.2146,121.4618,31.2232,121.4726
30333,67,44.0,34.0,30.0,4.4,31.2415,121.4448,31.2349,121.4405
27722,67,25.0,25.0,32.0,4.0,31.2294,121.4534,31.2225,121.4541
3763,67,16.0,25.0,34.0,4.9,31.2146,121.4618,31.2267,121.46
37917,68,77.0,66.0,36.0,4.7,31.2709,121.4737,31.2628,121.4622
3223,68,68.0,57.0,37.0,4.6000000000000005,31.2644,121.4848,31.2531,121.4759
3328,68,24.0,35.0,33.0,4.3,31.2267,121.4488,31.2381,121.4545
14054,68,88.0,89.0,30.0,4.1,31.2808,121.4868,31.282,121.4965
5259,68,75.0,75.0,26.0,3.7,31.2713,121.4523,31.2775,121.4537
23354,68,23.0,44.0,39.0,5.5,31.2256,121.438,31.2428,121.4471
38088,68,47.0,47.0,26.0,4.3,31.2475,121.4724,31.2448,121.4768
11016,68,58.0,68.0,33.0,4.3,31.2503,121.4803,31.263,121.4844
35712,68,47.0,56.0,33.0,4.2,31.2475,121.4724,31.2531,121.4626
18091,68,11.0,12.0,35.0,4.5,31.2135,121.4125,31.2176,121.425
18607,69,45.0,56.0,36.0,4.6000000000000005,31.2468,121.4578,31.2594,121.4674
20197,69,22.0,31.0,36.0,4.800000000000001,31.2223,121.4209,31.2318,121.4127
27916,69,71.0,71.0,26.0,3.9,31.2761,121.4138,31.2762,121.4194
31616,69,48.0,38.0,34.0,4.0,31.2459,121.4837,31.2356,121.4878
11216,69,71.0,80.0,33.0,4.3,31.2796,121.4179,31.2836,121.4034
31397,69,22.0,34.0,42.0,5.4,31.229,121.4257,31.2303,121.4486
36694,69,45.0,34.0,33.0,4.0,31.2417,121.456,31.2352,121.4454
11306,69,75.0,65.0,33.0,4.3,31.2755,121.4578,31.2654,121.4579
3372,69,68.0,66.0,38.0,4.5,31.2626,121.4855,31.2656,121.4691
33764,69,75.0,85.0,33.0,4.6000000000000005,31.2713,121.4523,31.2838,121.4578
34544,69,75.0,53.0,50.0,6.1000000000000005,31.2754,121.4501,31.25,121.4301
34037,69,18.0,29.0,40.0,4.9,31.2128,121.4818,31.224,121.4955
19174,69,54.0,44.0,42.0,5.1,31.2597,121.4412,31.2404,121.4486
17373,70,44.0,35.0,39.0,4.8,31.2444,121.4419,31.2323,121.4554
11683,70,17.0,8.0,39.0,5.3,31.2108,121.4719,31.2003,121.4859
36415,70,35.0,34.0,37.0,4.8,31.2375,121.4595,31.2368,121.44
30134,70,10.0,10.0,29.0,4.0,31.2115,121.4025,31.2135,121.4076
12978,70,45.0,45.0,31.0,4.3,31.2495,121.4592,31.2452,121.452
33110,70,75.0,75.0,26.0,3.8,31.2755,121.4578,31.279,121.4546
23759,70,58.0,68.0,35.0,4.3,31.252,121.486,31.2635,121.4815
5174,70,6.0,5.0,33.0,4.4,31.2098,121.4619,31.2055,121.4511
17308,70,43.0,43.0,27.0,3.9,31.244,121.432,31.2499,121.4321
17668,70,11.0,22.0,36.0,4.2,31.2141,121.4105,31.2217,121.4226
17563,71,74.0,64.0,29.0,3.8,31.2728,121.4429,31.2668,121.4403
18554,71,79.0,58.0,41.0,5.7,31.2716,121.4942,31.2503,121.4865
1814,71,90.0,81.0,39.0,5.1,31.293,121.4038,31.2851,121.4198
1653,71,71.0,71.0,24.0,3.9,31.2786,121.4165,31.2753,121.419
33102,71,75.0,75.0,30.0,4.4,31.2728,121.4597,31.2715,121.4511
12934,71,31.0,40.0,39.0,5.1,31.2321,121.4142,31.2462,121.4025
35419,71,16.0,25.0,32.0,4.800000000000001,31.2146,121.4618,31.2245,121.4516
3717,71,67.0,67.0,25.0,3.5,31.262,121.475,31.2649,121.474
37219,71,15.0,16.0,25.0,3.8,31.2186,121.4593,31.2159,121.4635
6014,71,14.0,14.0,27.0,3.5,31.2112,121.4448,31.2135,121.4433
1213,72,33.0,43.0,35.0,4.800000000000001,31.2349,121.4303,31.2469,121.434
10057,72,34.0,25.0,39.0,5.1,31.236,121.4469,31.2241,121.4592
33100,72,75.0,75.0,30.0,4.3,31.2713,121.4523,31.28,121.455
14531,72,66.0,87.0,43.0,5.4,31.2641,121.4606,31.286,121.4729
10610,72,11.0,10.0,36.0,4.4,31.215,121.4193,31.2127,121.4044
2087,72,57.0,57.0,29.0,4.3,31.2563,121.4716,31.2562,121.4781
20384,72,75.0,75.0,29.0,3.7,31.2751,121.4579,31.2762,121.4506
33630,72,13.0,2.0,28.0,4.1,31.2138,121.4308,31.206,121.4296
18304,72,34.0,25.0,44.0,5.4,31.2398,121.4443,31.2213,121.459
3063,72,18.0,8.0,30.0,3.8,31.2143,121.4802,31.2076,121.4824
13420,72,12.0,10.0,42.0,5.0,31.2177,121.4251,31.2122,121.4019
18708,72,57.0,47.0,33.0,4.9,31.2563,121.4716,31.2446,121.4783
29226,73,22.0,34.0,49.0,6.3,31.2223,121.4209,31.2398,121.447
17174,73,6.0,6.0,26.0,4.1,31.2059,121.4635,31.2036,121.4687
812,73,18.0,19.0,28.0,3.8,31.219,121.4885,31.2139,121.492
19868,73,1.0,3.0,36.0,4.8,31.208,121.4187,31.2006,121.436
4463,73,22.0,21.0,28.0,3.7,31.2267,121.4236,31.2281,121.4174
29914,73,6.0,6.0,30.0,4.2,31.2051,121.4607,31.2062,121.4661
16496,73,22.0,13.0,31.0,4.2,31.2216,121.4241,31.2164,121.4309
29713,73,71.0,81.0,32.0,4.6000000000000005,31.2727,121.4137,31.285,121.4117
19665,73,75.0,64.0,38.0,5.3,31.279,121.4546,31.2624,121.4485
20973,73,13.0,24.0,36.0,4.699999999999999,31.2106,121.4369,31.225,121.4483
27406,74,12.0,12.0,28.0,4.2,31.215,121.4262,31.2143,121.4202
5854,74,79.0,78.0,32.0,4.1,31.2716,121.4942,31.2755,121.4819
30666,74,24.0,13.0,30.0,4.0,31.2204,121.4481,31.2189,121.4365
26498,74,44.0,36.0,36.0,5.1,31.241,121.448,31.2373,121.4667
5375,74,13.0,23.0,32.0,4.2,31.2133,121.4319,31.2217,121.432
30502,74,45.0,45.0,26.0,4.1,31.2435,121.4538,31.2408,121.4508
29779,74,18.0,16.0,32.0,4.5,31.2192,121.4808,31.22,121.4689
386,74,26.0,36.0,31.0,4.0,31.2248,121.4674,31.2321,121.467
15551,74,75.0,54.0,46.0,5.9,31.275,121.4573,31.2536,121.4439
1036,74,22.0,42.0,41.0,5.1,31.2266,121.4273,31.2472,121.4232
30823,74,57.0,67.0,36.0,4.6000000000000005,31.2519,121.4721,31.2632,121.4772
31177,74,24.0,24.0,28.0,4.1,31.2296,121.4439,31.2288,121.4492
18445,75,25.0,14.0,38.0,4.9,31.2222,121.4568,31.2123,121.4412
12177,75,56.0,55.0,29.0,4.1,31.2516,121.4647,31.2537,121.4573
12970,75,75.0,84.0,38.0,4.8,31.275,121.4573,31.2868,121.4444
23281,75,68.0,69.0,28.0,4.0,31.2653,121.4889,31.2688,121.4907
15743,75,58.0,69.0,43.0,5.4,31.2504,121.4808,31.2698,121.4918
6890,75,90.0,90.0,25.0,4.0,31.296,121.401,31.2943,121.4042
33004,75,22.0,12.0,37.0,4.4,31.228,121.4253,31.2142,121.4277
4019,75,84.0,83.0,34.0,4.7,31.2864,121.4494,31.2814,121.438
29790,75,53.0,54.0,33.0,4.1,31.2502,121.4368,31.2525,121.4478
7914,75,17.0,6.0,35.0,4.4,31.2108,121.4719,31.2007,121.4637
24802,75,16.0,15.0,30.0,3.8,31.212,121.4646,31.2185,121.4577
2714,76,88.0,88.0,28.0,4.5,31.2876,121.4881,31.281,121.4812
18794,76,7.0,6.0,34.0,4.1,31.2015,121.4765,31.2091,121.4694
23057,76,58.0,57.0,36.0,4.5,31.2513,121.4844,31.2523,121.4705
13876,76,75.0,75.0,24.0,3.9,31.2788,121.4563,31.2793,121.4565
33533,76,71.0,54.0,56.0,7.1000000000000005,31.2796,121.4179,31.2534,121.4495
7058,76,45.0,35.0,30.0,3.9,31.2433,121.4554,31.2374,121.4557
13877,76,75.0,85.0,36.0,4.5,31.2761,121.4514,31.2897,121.4518
4982,76,36.0,15.0,42.0,5.6,31.2311,121.4614,31.2102,121.4525
14875,76,24.0,25.0,31.0,4.1,31.2263,121.4456,31.2272,121.4585
24923,76,56.0,55.0,29.0,4.3,31.2543,121.464,31.2561,121.4565
23602,76,2.0,2.0,22.0,3.6,31.2036,121.4276,31.2053,121.4293
17972,77,36.0,56.0,35.0,5.0,31.2364,121.4628,31.2518,121.464
21874,77,75.0,65.0,33.0,4.2,31.2785,121.4508,31.2695,121.453
30112,77,43.0,32.0,36.0,4.9,31.2448,121.434,31.2342,121.4219
31192,77,25.0,25.0,26.0,3.3000000000000003,31.2205,121.4529,31.2217,121.4508
10059,77,17.0,7.0,31.0,3.9,31.2138,121.4771,31.2075,121.474
8225,77,15.0,14.0,35.0,4.6000000000000005,31.2163,121.4588,31.2156,121.4425
7262,77,75.0,85.0,42.0,5.1,31.2719,121.4509,31.2899,121.4542
6168,77,77.0,68.0,40.0,5.6,31.2787,121.4727,31.2634,121.4894
12781,77,71.0,72.0,34.0,4.3,31.2729,121.4109,31.2755,121.4239
22393,77,88.0,88.0,26.0,3.5,31.2827,121.4884,31.2822,121.4881
22273,77,2.0,4.0,44.0,5.0,31.2009,121.4216,31.206,121.4465
6981,77,84.0,85.0,38.0,4.699999999999999,31.2884,121.4409,31.2838,121.4586
19409,77,75.0,42.0,57.0,7.3,31.2779,121.4547,31.2476,121.4254
884,77,84.0,74.0,40.0,5.5,31.2886,121.4405,31.2702,121.4482
18987,77,71.0,70.0,35.0,4.7,31.2718,121.4164,31.2741,121.4031
13386,78,56.0,55.0,35.0,4.2,31.2514,121.4666,31.2571,121.4528
15150,78,75.0,41.0,62.0,7.4,31.2736,121.459,31.249,121.4133
2410,78,75.0,41.0,60.0,6.9,31.272,121.4514,31.2487,121.4155
31635,78,90.0,80.0,33.0,4.5,31.2969,121.4022,31.2872,121.4099
16265,78,11.0,1.0,32.0,4.2,31.2162,121.419,31.2095,121.411
10608,78,56.0,55.0,38.0,5.199999999999999,31.2513,121.4694,31.2581,121.4527
12145,78,17.0,18.0,30.0,4.6,31.2138,121.4771,31.217,121.4892
21392,78,28.0,19.0,34.0,4.6000000000000005,31.228,121.4858,31.2177,121.4921
27890,78,75.0,41.0,61.0,7.2,31.2747,121.4527,31.2476,121.4139
3062,79,8.0,8.0,23.0,3.8,31.2076,121.4825,31.2074,121.4833
34367,79,8.0,8.0,31.0,4.3,31.2076,121.4825,31.201,121.4845
6152,79,11.0,30.0,48.0,5.800000000000001,31.2104,121.4115,31.2359,121.4037
30319,79,31.0,51.0,41.0,5.5,31.2359,121.4171,31.2549,121.4121
15156,79,18.0,8.0,38.0,4.9,31.2167,121.4811,31.2014,121.4865
17579,79,31.0,51.0,43.0,5.2,31.2354,121.4196,31.2572,121.4199
14475,79,79.0,98.0,45.0,5.3,31.2765,121.5,31.2943,121.4804
21488,79,27.0,36.0,36.0,4.9,31.224,121.4771,31.23,121.4654
9666,79,84.0,87.0,52.0,6.300000000000001,31.282,121.4407,31.2826,121.4773
7907,80,71.0,81.0,33.0,4.2,31.2721,121.412,31.2828,121.4162
36102,80,47.0,47.0,32.0,3.9,31.2482,121.4705,31.2437,121.4776
10622,80,47.0,47.0,32.0,4.0,31.2428,121.4735,31.2498,121.4738
35506,80,12.0,11.0,34.0,4.800000000000001,31.2117,121.4299,31.2129,121.4127
27100,80,35.0,23.0,45.0,5.9,31.2343,121.4579,31.2262,121.4317
17488,80,24.0,23.0,31.0,3.8,31.2218,121.4411,31.2282,121.436
21653,80,21.0,33.0,42.0,5.6000000000000005,31.2209,121.4134,31.2366,121.4346
35921,80,33.0,43.0,36.0,4.4,31.231,121.4369,31.2418,121.4307
15144,80,75.0,41.0,68.0,7.9,31.2702,121.4591,31.2443,121.4119
25993,81,34.0,37.0,47.0,6.3,31.236,121.4469,31.2395,121.4796
32750,81,75.0,84.0,36.0,4.6000000000000005,31.272,121.4514,31.2846,121.4445
32481,81,24.0,5.0,49.0,6.500000000000001,31.2297,121.4415,31.2024,121.4595
27503,81,24.0,13.0,36.0,5.0,31.2276,121.4402,31.2149,121.4337
37320,81,71.0,71.0,25.0,3.7,31.2747,121.4126,31.2779,121.4152
19614,81,95.0,95.0,28.0,4.0,31.2924,121.4511,31.2977,121.4515
29155,81,68.0,76.0,48.0,5.800000000000001,31.2656,121.4871,31.2781,121.4618
8734,81,6.0,6.0,26.0,3.6,31.2075,121.4653,31.2011,121.4641
2034,81,1.0,0.0,36.0,4.5,31.208,121.4187,31.2068,121.4046
13896,82,34.0,34.0,29.0,4.1,31.238,121.4402,31.2339,121.4482
31691,82,94.0,73.0,45.0,5.5,31.2977,121.4402,31.2729,121.4353
5541,82,37.0,37.0,28.0,3.4,31.2307,121.4767,31.2347,121.479
5221,82,6.0,8.0,36.0,4.3,31.2025,121.4695,31.2095,121.481
33232,82,75.0,76.0,31.0,4.4,31.2701,121.452,31.27,121.4603
3099,82,0.0,20.0,44.0,5.4,31.2023,121.4008,31.2262,121.4043
24000,82,22.0,24.0,41.0,5.1,31.2268,121.4202,31.2216,121.4421
973,82,11.0,2.0,34.0,5.1000000000000005,31.217,121.4109,31.2092,121.4242
37727,82,75.0,75.0,26.0,4.0,31.2754,121.4501,31.279,121.4514
37740,83,75.0,75.0,26.0,4.0,31.273,121.4573,31.2788,121.4592
31523,83,22.0,22.0,25.0,3.8,31.2237,121.4242,31.2274,121.4213
20489,83,75.0,76.0,34.0,4.9,31.2785,121.4508,31.2798,121.4674
10562,83,11.0,11.0,24.0,3.8,31.2187,121.4147,31.2155,121.4174
7190,83,11.0,41.0,54.0,6.3,31.2135,121.4125,31.2454,121.4188
33570,83,57.0,77.0,40.0,5.2,31.2581,121.4703,31.2762,121.4731
7749,83,75.0,76.0,28.0,3.9,31.273,121.4573,31.2746,121.4626
31487,83,71.0,70.0,32.0,4.7,31.2711,121.42,31.2788,121.4091
35063,83,75.0,56.0,46.0,5.6000000000000005,31.2799,121.4574,31.2538,121.4607
14255,84,32.0,43.0,35.0,4.9,31.2337,121.4227,31.2446,121.4307
1564,84,57.0,48.0,42.0,4.9,31.2581,121.4703,31.2425,121.4842
10509,84,11.0,22.0,30.0,4.6,31.213,121.4198,31.2214,121.4273
37563,84,24.0,34.0,29.0,3.8,31.2278,121.4445,31.2338,121.4428
9848,84,45.0,56.0,34.0,4.4,31.2427,121.4573,31.2534,121.4667
35328,84,45.0,56.0,31.0,4.3,31.2474,121.4578,31.2561,121.4642
7657,84,31.0,41.0,28.0,4.3,31.2392,121.4189,31.2428,121.4153
5942,84,26.0,33.0,48.0,6.200000000000001,31.2248,121.4674,31.2372,121.4363
9686,85,75.0,54.0,38.0,4.699999999999999,31.2704,121.4515,31.2547,121.4429
38040,85,75.0,52.0,55.0,6.800000000000001,31.2716,121.4597,31.2574,121.4224
29436,85,1.0,12.0,33.0,4.9,31.208,121.4187,31.2198,121.4244
37805,85,27.0,28.0,28.0,4.1,31.224,121.4771,31.2248,121.4813
3809,85,84.0,65.0,40.0,5.199999999999999,31.282,121.4407,31.2691,121.4522
11824,85,75.0,65.0,33.0,4.6000000000000005,31.2755,121.4585,31.2624,121.4563
16787,85,75.0,54.0,51.0,6.4,31.2792,121.4556,31.2504,121.4432
6505,85,26.0,25.0,32.0,4.3,31.2248,121.4674,31.2221,121.4574
2333,85,15.0,5.0,40.0,5.0,31.2192,121.4517,31.2008,121.4523
34796,85,75.0,63.0,45.0,6.1000000000000005,31.2761,121.457,31.2639,121.4318
29703,85,54.0,35.0,52.0,6.300000000000001,31.2597,121.4484,31.2311,121.4588
4051,86,75.0,55.0,50.0,6.500000000000001,31.2797,121.4558,31.2505,121.4532
25156,86,11.0,3.0,44.0,5.800000000000001,31.2107,121.4101,31.2059,121.4379
15572,86,18.0,19.0,34.0,4.0,31.2134,121.4872,31.2174,121.4984
10818,86,11.0,12.0,29.0,4.2,31.2139,121.4137,31.2181,121.4219
32152,86,85.0,70.0,62.0,7.2,31.2814,121.4541,31.2723,121.4041
23611,86,25.0,26.0,34.0,4.7,31.22,121.4515,31.222,121.4634
35802,86,58.0,58.0,29.0,4.2,31.258,121.4878,31.2596,121.481
6210,86,73.0,65.0,42.0,5.4,31.2765,121.4383,31.263,121.4552
35025,87,25.0,35.0,39.0,5.199999999999999,31.2218,121.4565,31.2385,121.4578
22704,87,6.0,8.0,37.0,5.3,31.2023,121.4625,31.208,121.4809
2840,87,7.0,17.0,28.0,4.3,31.2084,121.474,31.2156,121.4763
16711,87,77.0,79.0,40.0,5.0,31.2718,121.4719,31.2775,121.4953
20290,87,57.0,56.0,29.0,3.8,31.2563,121.4716,31.258,121.4658
9584,87,75.0,65.0,31.0,4.7,31.2754,121.4501,31.2688,121.459
5836,87,77.0,76.0,34.0,4.3,31.2778,121.4774,31.2724,121.4688
18577,87,77.0,76.0,32.0,4.7,31.2758,121.4751,31.2783,121.464
8372,87,75.0,74.0,29.0,4.1,31.2778,121.4566,31.2765,121.4467
25544,87,75.0,64.0,36.0,5.1000000000000005,31.2779,121.4547,31.2667,121.4454
519,88,18.0,16.0,38.0,5.4,31.216,121.4829,31.2195,121.4603
33865,88,75.0,74.0,26.0,3.7,31.2713,121.4532,31.272,121.4479
25999,88,18.0,16.0,40.0,5.5,31.219,121.4885,31.2196,121.4671
2221,88,57.0,67.0,35.0,4.800000000000001,31.2553,121.4754,31.2667,121.4796
15751,88,84.0,84.0,27.0,4.0,31.2816,121.4414,31.2878,121.4408
12718,88,22.0,11.0,37.0,4.7,31.2266,121.4273,31.2185,121.4131
27289,88,75.0,75.0,30.0,3.6,31.2718,121.457,31.2733,121.4506
9543,88,25.0,25.0,30.0,3.7,31.2255,121.4508,31.2237,121.4577
5285,89,75.0,76.0,35.0,4.6000000000000005,31.2713,121.4523,31.276,121.4643
8270,89,75.0,50.0,65.0,7.9,31.2709,121.4555,31.256,121.4037
28331,89,24.0,14.0,33.0,4.6,31.2214,121.4403,31.2137,121.4484
29541,89,37.0,46.0,38.0,5.1,31.2341,121.4764,31.2471,121.463
25550,89,75.0,65.0,36.0,5.3,31.2779,121.4547,31.2602,121.4516
6047,89,14.0,34.0,43.0,5.4,31.2112,121.4448,31.2321,121.4407
29666,89,11.0,23.0,42.0,5.1,31.2102,121.4198,31.2245,121.4383
19164,89,72.0,51.0,39.0,4.9,31.2758,121.421,31.2592,121.4148
697,90,24.0,23.0,32.0,4.2,31.2204,121.4481,31.225,121.438
36158,90,68.0,77.0,34.0,4.5,31.2665,121.4813,31.2785,121.473
18890,90,11.0,10.0,32.0,4.3,31.2124,121.4159,31.217,121.4034
15827,90,56.0,55.0,37.0,4.6000000000000005,31.2513,121.4694,31.253,121.4517
8215,90,16.0,27.0,37.0,5.0,31.212,121.4646,31.2271,121.4739
3120,90,11.0,12.0,38.0,4.5,31.2139,121.4137,31.216,121.4297
1428,90,16.0,25.0,33.0,4.4,31.2146,121.4618,31.2262,121.4573
27059,90,44.0,53.0,38.0,5.1,31.2421,121.4471,31.2582,121.4389
18361,90,24.0,13.0,36.0,4.2,31.2262,121.4419,31.2156,121.4334
29591,90,6.0,6.0,26.0,4.2,31.2058,121.4657,31.2044,121.4605
15456,91,35.0,35.0,27.0,3.5,31.2351,121.4544,31.2314,121.4537
12744,91,11.0,20.0,37.0,5.1000000000000005,31.2158,121.4142,31.227,121.404
19695,91,73.0,65.0,42.0,5.4,31.2765,121.4383,31.2631,121.4538
20125,91,75.0,75.0,31.0,4.3,31.2782,121.4571,31.2718,121.4512
6985,91,94.0,93.0,30.0,4.4,31.2906,121.4418,31.2929,121.4343
10350,91,11.0,10.0,32.0,4.5,31.2152,121.4171,31.2185,121.4084
27663,91,90.0,90.0,26.0,3.4000000000000004,31.2935,121.4029,31.2954,121.4028
19725,91,94.0,93.0,30.0,4.1,31.2906,121.4418,31.2983,121.4354
34429,91,75.0,64.0,31.0,4.5,31.2704,121.4515,31.2619,121.4449
37564,92,24.0,4.0,47.0,5.5,31.2262,121.4493,31.2015,121.4455
23979,92,11.0,11.0,22.0,3.7,31.2138,121.4194,31.2156,121.4189
24960,92,37.0,36.0,26.0,3.8,31.2373,121.4751,31.2393,121.4676
6415,92,62.0,42.0,32.0,4.2,31.2614,121.4202,31.2486,121.4213
33431,92,11.0,14.0,51.0,6.500000000000001,31.2104,121.4115,31.2134,121.447
19914,92,69.0,59.0,28.0,4.2,31.2616,121.4932,31.2529,121.4944
27330,92,75.0,75.0,27.0,3.9,31.2736,121.459,31.2768,121.4596
19155,92,62.0,42.0,37.0,4.9,31.2673,121.4237,31.2495,121.4217
24824,92,24.0,4.0,38.0,4.6,31.2211,121.4432,31.2054,121.4459
34293,92,15.0,15.0,24.0,3.5,31.2152,121.455,31.2187,121.4541
4730,92,75.0,73.0,38.0,5.3,31.2799,121.4537,31.2735,121.4338
21074,92,33.0,53.0,45.0,5.9,31.23,121.4355,31.2539,121.4346
8991,93,75.0,43.0,58.0,6.6000000000000005,31.279,121.4546,31.2447,121.4356
16133,93,21.0,2.0,42.0,5.1,31.2209,121.4134,31.204,121.4252
1354,93,69.0,69.0,26.0,3.7,31.2644,121.4987,31.2694,121.4971
13249,93,35.0,25.0,31.0,4.5,31.2334,121.4519,31.2251,121.4532
23043,93,28.0,19.0,37.0,4.8,31.226,121.4812,31.2126,121.4942
26834,93,69.0,69.0,25.0,4.1,31.2619,121.4929,31.2618,121.4976
11367,93,75.0,75.0,30.0,4.3,31.2785,121.4508,31.28,121.4572
28873,93,21.0,2.0,40.0,5.5,31.2211,121.4191,31.2001,121.4271
32408,93,75.0,55.0,42.0,5.2,31.2772,121.453,31.2558,121.4524
20225,93,7.0,7.0,27.0,3.4,31.2015,121.4765,31.2045,121.4765
28949,93,24.0,16.0,43.0,5.9,31.2221,121.4402,31.2154,121.4663
21697,93,75.0,54.0,38.0,4.5,31.2713,121.4523,31.2584,121.4462
26436,94,36.0,27.0,30.0,4.4,31.2311,121.4614,31.2261,121.4721
12964,94,75.0,75.0,28.0,4.5,31.2702,121.4591,31.2773,121.4579
1296,94,27.0,26.0,35.0,4.7,31.2267,121.4772,31.2296,121.4607
23874,94,84.0,95.0,36.0,4.2,31.2884,121.4409,31.2902,121.4556
13339,94,11.0,3.0,38.0,4.5,31.2162,121.419,31.2049,121.4309
23734,94,6.0,7.0,36.0,4.6000000000000005,31.2058,121.4657,31.2076,121.4788
25628,94,25.0,34.0,39.0,4.9,31.2254,121.4586,31.2378,121.4415
865,94,62.0,61.0,25.0,4.0,31.2614,121.4202,31.2612,121.4165
24759,94,2.0,11.0,35.0,4.800000000000001,31.205,121.4216,31.2123,121.4113
15398,94,11.0,11.0,29.0,3.7,31.2138,121.4194,31.2145,121.4127
37012,94,75.0,74.0,29.0,3.8,31.272,121.4514,31.2784,121.4474
13415,94,79.0,96.0,48.0,6.300000000000001,31.2716,121.4942,31.2915,121.4667
32207,95,84.0,86.0,34.0,4.7,31.2826,121.4495,31.2833,121.4642
3271,95,11.0,3.0,42.0,5.2,31.2158,121.4142,31.2008,121.4347
28166,95,18.0,8.0,33.0,4.5,31.2134,121.4872,31.2021,121.49
26688,95,77.0,99.0,52.0,6.300000000000001,31.2787,121.4727,31.2994,121.4992
33898,95,75.0,65.0,41.0,4.9,31.2781,121.4502,31.2603,121.4548
30352,95,75.0,73.0,38.0,5.5,31.2704,121.4521,31.2763,121.4304
26619,95,75.0,41.0,64.0,7.7,31.2799,121.4537,31.2458,121.4161
1252,95,75.0,64.0,42.0,5.1,31.2799,121.4574,31.262,121.445
23877,95,84.0,84.0,26.0,3.6,31.2826,121.4495,31.2839,121.4445
9788,95,75.0,50.0,70.0,8.200000000000001,31.2751,121.4579,31.2529,121.4023
30342,95,75.0,74.0,33.0,4.2,31.2778,121.4566,31.2741,121.4462
9431,95,35.0,14.0,48.0,5.699999999999999,31.24,121.4575,31.2159,121.4415
7955,96,21.0,1.0,35.0,4.800000000000001,31.2209,121.4134,31.2083,121.4102
10191,96,75.0,85.0,30.0,3.7,31.2788,121.4563,31.2845,121.4538
29566,96,16.0,26.0,35.0,4.6000000000000005,31.212,121.4646,31.2269,121.4656
2562,96,75.0,85.0,30.0,4.3,31.2797,121.4558,31.2845,121.4531
25009,96,75.0,73.0,33.0,4.800000000000001,31.2719,121.4509,31.2743,121.437
29176,96,24.0,16.0,49.0,6.1,31.2297,121.4414,31.2139,121.4695
37079,96,56.0,57.0,36.0,5.0,31.2571,121.4627,31.253,121.4798
26179,96,23.0,24.0,28.0,4.0,31.2289,121.4389,31.2245,121.4406
27791,96,58.0,57.0,32.0,4.9,31.2585,121.4861,31.251,121.4739
20762,96,58.0,67.0,37.0,4.9,31.2513,121.4844,31.2682,121.48
26225,96,27.0,28.0,30.0,4.2,31.2285,121.4757,31.2277,121.4834
25786,97,24.0,44.0,41.0,5.5,31.225,121.4473,31.2473,121.4464
35229,97,76.0,74.0,44.0,5.2,31.2759,121.4696,31.2706,121.4455
8526,97,11.0,33.0,43.0,5.3,31.2186,121.4122,31.2358,121.4309
33505,97,58.0,58.0,30.0,4.1,31.2585,121.4861,31.2516,121.4864
33820,97,62.0,62.0,24.0,3.5,31.2673,121.4237,31.2666,121.4208
37251,97,33.0,33.0,28.0,4.5,31.2395,121.4306,31.2389,121.4391
767,97,70.0,80.0,34.0,4.5,31.2733,121.4032,31.2864,121.4016
18227,97,27.0,19.0,40.0,5.3,31.2298,121.4761,31.2156,121.4914
2304,98,17.0,38.0,43.0,5.4,31.2193,121.4794,31.2395,121.4841
7427,98,31.0,30.0,35.0,4.6000000000000005,31.236,121.4187,31.2384,121.4023
32943,98,75.0,65.0,34.0,4.800000000000001,31.2702,121.4591,31.261,121.4513
15044,98,17.0,38.0,49.0,5.800000000000001,31.2108,121.4719,31.2387,121.4838
273,98,71.0,81.0,34.0,4.1,31.2759,121.412,31.285,121.4108
29508,98,34.0,34.0,25.0,3.8,31.236,121.4469,31.2373,121.4452
14574,98,75.0,75.0,31.0,4.0,31.2751,121.4579,31.2798,121.4518
3201,98,11.0,12.0,28.0,3.9,31.2171,121.414,31.2194,121.4228
20266,98,22.0,21.0,28.0,3.8,31.2266,121.4273,31.2255,121.4185
7462,98,75.0,65.0,32.0,4.800000000000001,31.2785,121.4508,31.2678,121.4572
13213,98,90.0,81.0,34.0,4.7,31.2935,121.4029,31.2878,121.4122
23958,98,71.0,80.0,38.0,5.3,31.2711,121.42,31.2825,121.4042
37562,99,14.0,15.0,26.0,4.0,31.2164,121.4483,31.2171,121.453
29741,99,24.0,13.0,40.0,5.1,31.2235,121.4481,31.2176,121.43
36587,99,33.0,43.0,38.0,4.5,31.2349,121.4303,31.25,121.4326
25315,99,75.0,63.0,41.0,5.5,31.2779,121.4523,31.2634,121.4353
16536,99,45.0,45.0,27.0,3.7,31.2405,121.4541,31.2456,121.4556
32194,99,31.0,31.0,27.0,3.7,31.2335,121.4105,31.2303,121.4137
22907,99,2.0,12.0,38.0,5.2,31.2003,121.42,31.2195,121.4224
28573,99,22.0,44.0,50.0,6.0,31.2216,121.4241,31.2441,121.4458
10280,100,25.0,15.0,33.0,4.2,31.226,121.4521,31.2164,121.4535
33714,100,69.0,59.0,28.0,4.0,31.2619,121.4929,31.2584,121.4942
20121,100,36.0,38.0,38.0,5.1,31.2302,121.4612,31.2321,121.4844
31312,100,71.0,61.0,29.0,3.8,31.2747,121.4126,31.2676,121.4106
6402,100,77.0,78.0,35.0,4.7,31.2718,121.4719,31.28,121.4859
3384,100,15.0,14.0,34.0,4.4,31.2152,121.455,31.2103,121.4424
21460,100,84.0,73.0,38.0,4.8,31.2846,121.4463,31.2707,121.4323
25125,100,11.0,22.0,41.0,5.4,31.2102,121.4198,31.2278,121.4259
38109,100,22.0,34.0,42.0,5.0,31.2267,121.4236,31.2389,121.4432
21535,100,75.0,74.0,29.0,4.3,31.2785,121.4508,31.2775,121.4448
8724,100,84.0,65.0,44.0,5.5,31.282,121.4407,31.263,121.4501
33610,100,1.0,12.0,32.0,4.7,31.208,121.4187,31.2135,121.4293
33231,101,75.0,75.0,25.0,3.6,31.2736,121.459,31.271,121.4556
11484,101,15.0,15.0,28.0,3.4,31.2146,121.4536,31.2127,121.4554
27686,101,35.0,43.0,40.0,5.1,31.2351,121.4544,31.247,121.4392
35758,101,25.0,15.0,27.0,3.9,31.2205,121.4529,31.2193,121.4594
21345,101,77.0,66.0,37.0,4.6,31.2758,121.4751,31.2604,121.47
33847,101,75.0,65.0,36.0,5.0,31.2799,121.4537,31.2622,121.4572
30295,101,44.0,53.0,30.0,4.4,31.2467,121.4406,31.2541,121.4311
17555,101,44.0,53.0,29.0,4.3,31.2441,121.4404,31.2511,121.4381
5338,101,35.0,27.0,39.0,4.6,31.2302,121.453,31.2298,121.473
37221,101,15.0,34.0,36.0,5.0,31.2146,121.4536,31.2312,121.4456
34149,101,0.0,0.0,32.0,4.0,31.2078,121.4007,31.2029,121.4093
37057,101,35.0,15.0,36.0,4.9,31.2309,121.459,31.2163,121.4516
2555,101,75.0,85.0,32.0,4.7,31.2709,121.4555,31.2824,121.4576
33873,101,66.0,66.0,26.0,4.2,31.2688,121.4678,31.2645,121.4639
29862,101,75.0,87.0,37.0,5.0,31.2793,121.4593,31.2815,121.4781
14953,102,6.0,6.0,26.0,4.0,31.2051,121.4607,31.204,121.468
6298,102,45.0,43.0,33.0,4.6,31.2428,121.4502,31.2418,121.4389
33351,102,77.0,68.0,28.0,4.0,31.2707,121.4788,31.2637,121.4803
31477,102,44.0,26.0,47.0,6.0,31.2458,121.4456,31.2258,121.4695
14033,102,24.0,13.0,33.0,4.1,31.2214,121.4437,31.2123,121.4373
9657,102,31.0,30.0,32.0,3.9,31.2303,121.4121,31.2304,121.4032
5956,102,53.0,54.0,32.0,4.7,31.259,121.4362,31.2575,121.4466
16770,102,34.0,12.0,50.0,6.0,31.236,121.4469,31.2131,121.4272
8921,102,11.0,30.0,49.0,6.200000000000001,31.213,121.4198,31.2374,121.4005
18972,102,35.0,34.0,24.0,3.6,31.2383,121.4529,31.2363,121.4487
9293,102,75.0,64.0,34.0,4.9,31.2772,121.453,31.2653,121.4494
23717,102,17.0,28.0,32.0,4.7,31.2144,121.4709,31.2237,121.4818
28534,102,57.0,58.0,33.0,4.4,31.2563,121.4716,31.252,121.4861
24944,103,31.0,31.0,30.0,4.3,31.234,121.4145,31.2304,121.4197
21803,103,75.0,64.0,38.0,4.9,31.2736,121.459,31.27,121.4428
12172,103,56.0,65.0,38.0,4.8,31.2543,121.464,31.2682,121.4521
14277,103,88.0,78.0,31.0,3.8,31.2842,121.4866,31.2765,121.4887
418,103,45.0,47.0,42.0,5.1,31.2417,121.456,31.2424,121.4771
21546,103,75.0,73.0,40.0,5.4,31.2728,121.4597,31.272,121.4362
8569,103,24.0,34.0,28.0,4.3,31.225,121.4473,31.2321,121.45
28671,103,77.0,69.0,43.0,5.2,31.2787,121.4727,31.2674,121.4929
17642,103,32.0,43.0,36.0,4.6000000000000005,31.2337,121.4227,31.2444,121.4353
20906,103,68.0,67.0,39.0,4.9,31.2668,121.489,31.2684,121.4704
28005,103,77.0,78.0,37.0,5.0,31.2769,121.4718,31.2744,121.4875
27640,103,27.0,27.0,26.0,3.7,31.2243,121.4731,31.2254,121.4791
30064,104,11.0,23.0,35.0,4.9,31.215,121.4193,31.2233,121.4316
19165,104,62.0,61.0,36.0,4.5,31.264,121.4242,31.2681,121.41
6353,104,75.0,63.0,41.0,5.2,31.2747,121.4527,31.2664,121.4334
14411,104,75.0,76.0,35.0,4.4,31.2704,121.4515,31.2788,121.4649
12800,104,75.0,54.0,50.0,6.0,31.2795,121.4575,31.256,121.4419
24688,104,12.0,23.0,36.0,4.7,31.2117,121.4299,31.2247,121.4359
5448,104,6.0,7.0,27.0,3.7,31.2014,121.4688,31.2046,121.4724
37428,104,12.0,23.0,36.0,4.3,31.2157,121.4284,31.2247,121.4368
5231,104,31.0,31.0,29.0,4.1,31.2392,121.4189,31.2341,121.4158
23613,104,36.0,37.0,36.0,4.5,31.2364,121.4628,31.2312,121.4797
28796,105,68.0,69.0,30.0,4.7,31.2656,121.4871,31.2647,121.4987
10433,105,43.0,54.0,34.0,4.3,31.2427,121.4365,31.2516,121.4449
2499,105,61.0,70.0,35.0,5.0,31.2651,121.4146,31.2736,121.4021
9619,105,75.0,53.0,45.0,5.4,31.2762,121.457,31.2564,121.4385
1687,105,84.0,75.0,34.0,4.5,31.2804,121.4455,31.2735,121.4523
22854,105,17.0,6.0,35.0,4.9,31.2138,121.4771,31.2041,121.4654
14427,105,84.0,75.0,36.0,4.9,31.282,121.4407,31.28,121.4594
25551,105,75.0,43.0,55.0,6.3,31.2717,121.4558,31.2417,121.4345
18566,105,8.0,9.0,30.0,4.2,31.2063,121.4817,31.2056,121.4924
12764,105,6.0,14.0,38.0,5.0,31.2076,121.4654,31.218,121.4472
35079,105,75.0,64.0,33.0,4.2,31.2704,121.4515,31.2658,121.44
4526,105,55.0,56.0,28.0,4.3,31.2527,121.4599,31.2536,121.4681
25201,105,77.0,77.0,30.0,4.0,31.2707,121.4788,31.2787,121.4748
25543,105,75.0,43.0,50.0,6.3,31.2799,121.4537,31.2491,121.4381
34256,106,75.0,73.0,45.0,5.5,31.2723,121.4598,31.2778,121.4334
1284,106,77.0,77.0,29.0,4.4,31.2721,121.4799,31.2758,121.4732
3644,106,75.0,65.0,36.0,4.3,31.2728,121.4597,31.2616,121.4541
35757,106,15.0,16.0,27.0,4.1,31.2148,121.4546,31.2113,121.4603
9084,106,75.0,65.0,31.0,3.9,31.2762,121.457,31.2684,121.4518
22846,106,11.0,0.0,40.0,5.1,31.213,121.4198,31.2075,121.401
19123,106,90.0,90.0,28.0,4.2,31.296,121.401,31.2901,121.4058
4454,106,22.0,33.0,34.0,4.5,31.2266,121.4273,31.24,121.4321
8809,106,85.0,95.0,38.0,4.7,31.2814,121.4541,31.2965,121.4554
35585,106,11.0,11.0,23.0,3.6,31.2139,121.4166,31.2125,121.4167
15243,106,82.0,82.0,23.0,3.3000000000000003,31.2883,121.4258,31.2886,121.4277
28322,106,24.0,24.0,27.0,4.3,31.2204,121.4481,31.2259,121.4492
1483,106,25.0,26.0,32.0,4.4,31.2222,121.4568,31.2265,121.4691
1967,106,17.0,19.0,42.0,5.2,31.2112,121.4712,31.2181,121.4945
24044,106,75.0,75.0,22.0,3.4000000000000004,31.2734,121.4563,31.2743,121.4565
7245,107,12.0,2.0,36.0,4.9,31.215,121.4262,31.2016,121.4214
1294,107,24.0,4.0,48.0,5.6000000000000005,31.2267,121.4488,31.2017,121.4467
4649,107,77.0,57.0,40.0,5.1,31.272,121.4726,31.2547,121.4719
5229,107,7.0,18.0,36.0,4.5,31.2084,121.474,31.2116,121.4871
3281,107,11.0,13.0,38.0,4.6,31.217,121.4109,31.2112,121.43
30709,107,7.0,18.0,32.0,4.4,31.202,121.48,31.2142,121.4836
19985,107,12.0,2.0,29.0,4.3,31.2157,121.4284,31.2094,121.4294
23272,107,6.0,6.0,26.0,4.3,31.2025,121.4695,31.2044,121.464
35646,107,31.0,10.0,40.0,5.0,31.2359,121.4171,31.2175,121.4095
29026,107,58.0,59.0,33.0,4.9,31.2504,121.4808,31.2532,121.4938
15385,107,15.0,14.0,31.0,4.2,31.2148,121.4546,31.2104,121.4458
7928,107,31.0,41.0,37.0,5.0,31.2321,121.4142,31.2459,121.4101
26562,107,73.0,76.0,45.0,5.3,31.2765,121.4383,31.2754,121.4671
3125,107,26.0,33.0,48.0,6.3,31.2277,121.4674,31.2397,121.4371
2698,107,11.0,13.0,41.0,4.9,31.2141,121.4105,31.2179,121.4325
3647,108,75.0,64.0,36.0,4.7,31.2785,121.4508,31.2643,121.4442
6163,108,90.0,91.0,34.0,4.6,31.2935,121.4029,31.2926,121.4136
36161,108,68.0,59.0,39.0,4.9,31.2665,121.4813,31.2553,121.4953
2626,108,26.0,24.0,44.0,5.3,31.2294,121.4693,31.2287,121.4455
16276,108,11.0,23.0,36.0,4.3,31.215,121.4193,31.2241,121.43
27992,108,77.0,67.0,30.0,4.2,31.2724,121.4785,31.2648,121.4776
29362,108,18.0,19.0,31.0,4.5,31.2137,121.4818,31.2159,121.494
31775,108,25.0,26.0,32.0,4.6,31.2285,121.4504,31.2244,121.4608
6676,108,84.0,75.0,40.0,5.0,31.2816,121.4414,31.2712,121.459
16722,108,0.0,0.0,26.0,3.8,31.2038,121.4068,31.2032,121.4024
35862,108,75.0,73.0,36.0,4.9,31.2761,121.4514,31.2782,121.4362
18767,108,44.0,44.0,29.0,3.7,31.2444,121.4465,31.2457,121.441
31607,108,34.0,24.0,32.0,4.7,31.2329,121.4453,31.2229,121.4404
36193,108,25.0,25.0,27.0,4.1,31.2283,121.4558,31.2224,121.4525
13690,108,27.0,18.0,39.0,5.1,31.2298,121.4761,31.2131,121.481
30554,109,13.0,13.0,27.0,3.7,31.2138,121.4308,31.21,121.4308
5144,109,44.0,35.0,34.0,4.4,31.2408,121.4495,31.2303,121.4572
182,109,35.0,25.0,32.0,4.7,31.2375,121.4595,31.2249,121.4579
20874,109,25.0,34.0,40.0,5.0,31.2255,121.4508,31.2398,121.4402
13862,109,75.0,75.0,30.0,4.0,31.2761,121.457,31.2709,121.4555
36776,109,75.0,74.0,30.0,4.5,31.273,121.4573,31.2718,121.4492
16833,109,27.0,28.0,34.0,4.7,31.222,121.4722,31.2246,121.49
26411,109,25.0,24.0,31.0,3.9,31.228,121.4563,31.2265,121.447
36934,109,58.0,58.0,26.0,3.2,31.252,121.486,31.2537,121.4849
15151,109,75.0,76.0,24.0,4.1,31.2736,121.459,31.2723,121.4622
2307,109,69.0,67.0,41.0,5.0,31.2611,121.4985,31.2658,121.4762
36025,109,36.0,45.0,32.0,4.5,31.2364,121.4628,31.2407,121.4549
14291,109,34.0,23.0,37.0,4.800000000000001,31.2361,121.4452,31.2225,121.439
31870,109,90.0,81.0,42.0,5.1,31.2987,121.4007,31.2818,121.4155
19597,109,24.0,34.0,28.0,3.8,31.2278,121.4445,31.2341,121.449
8088,109,22.0,14.0,42.0,5.5,31.2268,121.4202,31.2161,121.4425
6867,109,58.0,48.0,42.0,4.9,31.2585,121.4861,31.241,121.4807
24915,110,46.0,66.0,38.0,4.9,31.2447,121.4684,31.2629,121.4665
37530,110,66.0,55.0,34.0,4.2,31.2688,121.4678,31.26,121.4595
37041,110,42.0,55.0,50.0,6.2,31.2487,121.4203,31.2532,121.4568
25367,110,22.0,24.0,40.0,4.9,31.2266,121.4273,31.2251,121.4458
33754,110,75.0,75.0,27.0,3.4,31.2762,121.457,31.2737,121.4545
24333,110,31.0,31.0,27.0,4.0,31.234,121.4145,31.2332,121.4186
12168,110,77.0,79.0,32.0,4.9,31.2779,121.4787,31.2722,121.4926
29607,110,75.0,64.0,30.0,4.7,31.2737,121.4593,31.2695,121.4475
1521,110,24.0,24.0,24.0,3.7,31.2203,121.4462,31.2225,121.4476
27001,110,24.0,24.0,31.0,4.4,31.2296,121.4403,31.2231,121.4498
10969,110,47.0,46.0,24.0,3.5,31.2482,121.4705,31.2455,121.4689
5674,110,77.0,87.0,30.0,4.0,31.2787,121.4727,31.2863,121.4739
20006,110,75.0,65.0,36.0,4.6000000000000005,31.2778,121.4518,31.2672,121.46
26948,110,18.0,8.0,36.0,4.6000000000000005,31.2153,121.4892,31.2031,121.4842
17744,110,11.0,2.0,35.0,4.6000000000000005,31.2158,121.4142,31.2058,121.4255
16604,110,68.0,78.0,33.0,4.4,31.2623,121.4815,31.2743,121.4814
37894,110,0.0,22.0,48.0,5.5,31.2055,121.4005,31.2242,121.4207
27261,111,48.0,39.0,29.0,4.0,31.2465,121.4877,31.2399,121.4941
14977,111,67.0,77.0,30.0,4.6,31.262,121.475,31.2715,121.4702
12708,111,6.0,15.0,38.0,4.8,31.2048,121.4696,31.2167,121.4516
6268,111,12.0,21.0,32.0,4.2,31.2178,121.425,31.2281,121.4157
31748,111,12.0,21.0,40.0,5.2,31.2187,121.4298,31.2298,121.4118
35949,111,62.0,61.0,24.0,3.7,31.2614,121.4202,31.263,121.4158
9948,111,77.0,56.0,40.0,5.4,31.2718,121.4719,31.2538,121.4665
4856,111,75.0,55.0,41.0,5.1,31.2788,121.4563,31.2578,121.4585
6257,111,84.0,86.0,41.0,4.8,31.282,121.4407,31.2813,121.4626
34103,111,44.0,55.0,40.0,5.199999999999999,31.2408,121.4495,31.2578,121.4547
29355,111,71.0,71.0,24.0,3.8,31.2752,121.4161,31.2767,121.4147
37643,111,34.0,44.0,30.0,4.1,31.2316,121.4431,31.2407,121.4445
33921,111,90.0,90.0,31.0,4.2,31.2987,121.4007,31.29,121.4072
37766,111,43.0,45.0,36.0,4.9,31.2448,121.434,31.2462,121.454
16128,111,25.0,27.0,35.0,4.6000000000000005,31.222,121.4577,31.2251,121.4715
36352,111,36.0,17.0,44.0,5.9,31.2311,121.4614,31.2106,121.4724
18377,112,67.0,78.0,34.0,4.7,31.2687,121.4721,31.2779,121.4849
27067,112,24.0,24.0,25.0,3.6,31.2229,121.4434,31.2247,121.4409
10510,112,11.0,31.0,48.0,6.0,31.2107,121.4101,31.239,121.4138
1329,112,66.0,66.0,25.0,4.0,31.2688,121.4678,31.2665,121.4659
30224,112,75.0,64.0,38.0,4.9,31.2782,121.4571,31.2658,121.4421
11879,112,45.0,46.0,33.0,4.1,31.2474,121.4578,31.2404,121.4674
30242,112,22.0,44.0,48.0,5.800000000000001,31.229,121.4257,31.2455,121.4482
25714,112,75.0,75.0,24.0,3.4,31.2737,121.4593,31.2744,121.455
22469,112,11.0,12.0,32.0,4.5,31.2139,121.4137,31.211,121.4257
17502,112,22.0,44.0,46.0,5.7,31.2237,121.4242,31.2427,121.4462
2559,112,75.0,74.0,28.0,4.3,31.2747,121.4527,31.271,121.4487
5653,112,77.0,88.0,30.0,3.8,31.2778,121.4774,31.2802,121.4828
12568,112,75.0,53.0,50.0,6.3,31.2761,121.457,31.25,121.4357
12577,112,75.0,64.0,38.0,5.2,31.2797,121.4558,31.2626,121.4463
30972,112,18.0,9.0,40.0,4.8,31.2167,121.4811,31.2012,121.4903
33685,112,15.0,15.0,28.0,4.5,31.2132,121.4588,31.2161,121.4512
5834,112,71.0,82.0,44.0,5.5,31.2703,121.4101,31.2887,121.4277
37906,112,2.0,2.0,30.0,4.0,31.2036,121.4276,31.2096,121.425
5427,113,97.0,97.0,28.0,3.6,31.2906,121.4778,31.2935,121.4714
5808,113,6.0,5.0,34.0,4.1,31.2076,121.4654,31.2039,121.453
5979,113,45.0,34.0,33.0,4.3,31.2427,121.4573,31.2368,121.4479
34940,113,22.0,11.0,36.0,4.4,31.2237,121.4242,31.2191,121.4112
8412,113,75.0,73.0,36.0,4.2,31.2713,121.4523,31.2776,121.4396
27776,113,24.0,24.0,27.0,4.3,31.2214,121.4423,31.2275,121.445
26694,113,44.0,34.0,31.0,4.2,31.2435,121.4452,31.2348,121.4454
20694,113,11.0,11.0,27.0,4.1,31.2104,121.4115,31.2104,121.4172
16408,113,77.0,67.0,31.0,4.5,31.2718,121.4719,31.2632,121.4772
1358,113,31.0,20.0,31.0,4.4,31.2304,121.4128,31.224,121.4097
26734,113,75.0,75.0,29.0,4.2,31.2716,121.4597,31.2773,121.458
32084,113,13.0,13.0,29.0,4.1,31.2102,121.4391,31.2127,121.4305
31350,113,24.0,23.0,32.0,4.2,31.225,121.4473,31.2204,121.4371
8617,113,22.0,22.0,25.0,3.6,31.2267,121.4236,31.2282,121.4234
22121,113,77.0,77.0,30.0,4.0,31.2735,121.4759,31.2789,121.4783
16579,113,90.0,90.0,29.0,3.8,31.2935,121.4029,31.297,121.408
27576,113,57.0,57.0,29.0,4.0,31.2539,121.4757,31.2592,121.478
19747,113,24.0,15.0,31.0,4.2,31.2258,121.4479,31.2169,121.4557
6914,113,75.0,55.0,34.0,4.800000000000001,31.2717,121.4558,31.2576,121.457
11768,113,44.0,34.0,28.0,3.8,31.2421,121.4471,31.2365,121.4495
19832,114,71.0,90.0,39.0,5.1,31.2747,121.4126,31.293,121.4056
30120,114,33.0,43.0,29.0,4.5,31.2332,121.4394,31.2403,121.4365
23951,114,33.0,25.0,36.0,4.9,31.2312,121.4394,31.2257,121.458
19523,114,74.0,74.0,29.0,4.3,31.2731,121.4418,31.2753,121.4484
37716,114,25.0,15.0,36.0,4.9,31.2237,121.4537,31.2133,121.4594
26964,114,26.0,24.0,34.0,5.1000000000000005,31.2277,121.4674,31.2294,121.4493
5639,114,77.0,78.0,33.0,4.7,31.276,121.4724,31.2703,121.4842
27305,114,21.0,2.0,39.0,5.1,31.2209,121.4134,31.2074,121.4235
28050,114,75.0,75.0,25.0,3.9,31.2714,121.4541,31.2754,121.4531
34067,114,56.0,65.0,37.0,4.8,31.2507,121.4667,31.2609,121.452
10248,114,95.0,87.0,38.0,4.9,31.2924,121.4511,31.2884,121.4737
15113,114,75.0,64.0,32.0,4.7,31.2713,121.4532,31.2607,121.4438
7062,114,1.0,10.0,38.0,4.800000000000001,31.208,121.4187,31.2163,121.404
21837,114,43.0,34.0,34.0,4.4,31.2482,121.4385,31.2336,121.4443
10247,114,95.0,87.0,44.0,5.4,31.2984,121.4545,31.2828,121.4723
6419,114,62.0,83.0,45.0,5.7,31.2614,121.4202,31.2804,121.4385
3798,115,45.0,33.0,43.0,5.6,31.2468,121.4578,31.2355,121.4359
5035,115,34.0,44.0,29.0,3.9,31.238,121.4402,31.2427,121.4425
24756,115,12.0,12.0,28.0,4.2,31.2177,121.4251,31.2106,121.4247
19955,115,44.0,43.0,35.0,5.1000000000000005,31.241,121.448,31.2448,121.4304
33920,115,90.0,90.0,26.0,3.8,31.2969,121.4022,31.2958,121.4067
4407,115,88.0,79.0,34.0,4.1,31.2808,121.4868,31.2718,121.4931
9783,115,75.0,65.0,29.0,4.1,31.2755,121.4585,31.2693,121.4511
15197,115,77.0,97.0,44.0,5.9,31.2758,121.4751,31.2992,121.4736
26122,115,33.0,23.0,38.0,4.800000000000001,31.2349,121.4303,31.2207,121.4333
1065,115,85.0,85.0,24.0,4.1,31.2814,121.4541,31.2844,121.4572
7638,115,75.0,75.0,25.0,3.3000000000000003,31.2717,121.4558,31.2717,121.4547
35269,115,75.0,65.0,33.0,4.5,31.2716,121.4597,31.26,121.4571
35132,115,88.0,98.0,32.0,4.0,31.2876,121.4881,31.2948,121.4852
12102,115,43.0,42.0,29.0,3.6,31.2475,121.433,31.2464,121.4261
26399,115,45.0,46.0,38.0,4.9,31.2406,121.4512,31.2432,121.4699
34182,115,22.0,41.0,40.0,5.2,31.229,121.4257,31.2477,121.4117
12258,115,75.0,63.0,39.0,4.8,31.2719,121.4509,31.2692,121.4326
7039,115,43.0,44.0,28.0,4.1,31.2417,121.433,31.246,121.441
24700,115,15.0,26.0,38.0,4.6,31.2148,121.4546,31.2241,121.4696
30283,116,6.0,6.0,29.0,4.0,31.2058,121.4657,31.2015,121.4673
4007,116,25.0,13.0,39.0,4.8,31.2257,121.4503,31.2102,121.4397
31795,116,44.0,53.0,35.0,5.1000000000000005,31.2444,121.4465,31.2537,121.4346
22871,116,12.0,12.0,26.0,3.9,31.215,121.4262,31.2195,121.4236
24114,116,75.0,51.0,49.0,6.4,31.2704,121.4521,31.2576,121.4187
12726,116,24.0,24.0,27.0,3.7,31.2267,121.4488,31.2253,121.446
35333,116,45.0,65.0,38.0,5.1,31.2435,121.4538,31.2606,121.4554
17168,116,72.0,81.0,36.0,4.7,31.2737,121.427,31.288,121.4195
3127,116,6.0,8.0,34.0,4.4,31.204,121.4664,31.2036,121.4831
29082,116,71.0,61.0,33.0,4.7,31.2719,121.4121,31.2628,121.4196
32972,116,24.0,12.0,36.0,4.2,31.2221,121.4402,31.2147,121.4297
1398,116,25.0,35.0,29.0,3.6,31.2255,121.4508,31.2312,121.4545
3726,116,24.0,13.0,30.0,4.0,31.2262,121.4419,31.2158,121.4381
5545,116,0.0,0.0,27.0,4.1,31.2038,121.4068,31.2012,121.4082
19957,116,69.0,88.0,48.0,6.199999999999999,31.2644,121.4987,31.2883,121.482
30989,116,69.0,59.0,27.0,3.6,31.2606,121.4982,31.2595,121.4918
12331,116,12.0,21.0,34.0,4.7,31.2187,121.4237,31.2255,121.4144
7492,116,24.0,12.0,46.0,5.7,31.2235,121.4481,31.2161,121.421
15989,117,69.0,69.0,24.0,4.0,31.2671,121.4972,31.2653,121.4988
16139,117,33.0,44.0,36.0,4.800000000000001,31.2388,121.4312,31.2413,121.4446
21380,117,31.0,30.0,36.0,4.6000000000000005,31.236,121.4187,31.2306,121.4039
37855,117,77.0,78.0,30.0,4.3,31.2735,121.4759,31.2743,121.4832
15635,117,25.0,45.0,45.0,6.0,31.221,121.4568,31.2463,121.4591
35486,117,6.0,8.0,36.0,4.3,31.2025,121.4695,31.2009,121.4839
1757,117,77.0,87.0,32.0,4.4,31.2763,121.4703,31.2808,121.477
14968,117,77.0,77.0,26.0,3.2,31.2707,121.4788,31.2728,121.4796
264,117,68.0,67.0,28.0,4.1,31.2656,121.4871,31.2654,121.4773
26254,117,56.0,55.0,32.0,4.4,31.2516,121.4647,31.2598,121.458
7493,117,24.0,24.0,22.0,3.5,31.2262,121.4479,31.2271,121.4464
25168,117,3.0,2.0,30.0,4.7,31.2084,121.4345,31.2081,121.422
28689,117,11.0,21.0,34.0,4.7,31.2139,121.4137,31.2272,121.4126
36915,117,53.0,45.0,39.0,4.8,31.2514,121.4322,31.2441,121.4529
8349,117,36.0,13.0,51.0,6.500000000000001,31.2302,121.4612,31.2119,121.432
38082,117,25.0,17.0,46.0,5.5,31.2255,121.4508,31.2159,121.4799
15739,117,58.0,58.0,26.0,3.4,31.258,121.4878,31.2578,121.4835
6616,117,72.0,53.0,48.0,5.4,31.2758,121.421,31.2531,121.4329
10661,118,35.0,34.0,25.0,4.1,31.2323,121.4515,31.236,121.4495
18513,118,35.0,33.0,41.0,5.0,31.2325,121.4592,31.239,121.4391
29852,118,75.0,74.0,33.0,4.2,31.2787,121.4552,31.2765,121.4434
27234,118,77.0,87.0,33.0,4.2,31.2779,121.4787,31.2893,121.4779
11094,118,75.0,84.0,36.0,5.1000000000000005,31.2782,121.4571,31.2861,121.4439
36055,118,57.0,57.0,29.0,3.7,31.2549,121.4759,31.2506,121.4782
11537,118,58.0,67.0,41.0,4.9,31.2513,121.4844,31.2667,121.47
1758,118,77.0,77.0,31.0,3.8,31.2721,121.4799,31.274,121.472
3968,118,77.0,79.0,34.0,4.800000000000001,31.2707,121.4788,31.2728,121.4949
5245,118,6.0,8.0,38.0,4.6,31.2023,121.4625,31.2012,121.4832
16263,118,47.0,47.0,25.0,3.9,31.2465,121.4783,31.2483,121.4774
35617,118,35.0,45.0,29.0,3.7,31.2378,121.4568,31.2432,121.4583
7477,118,25.0,26.0,36.0,4.3,31.221,121.4568,31.2279,121.4686
3031,118,18.0,27.0,29.0,4.5,31.2173,121.4813,31.2203,121.473
12194,118,84.0,73.0,37.0,5.3,31.2846,121.4463,31.2731,121.4329
3747,119,6.0,6.0,29.0,3.6,31.2075,121.4653,31.2051,121.46
23606,119,97.0,97.0,27.0,4.1,31.2906,121.4778,31.2968,121.476
20776,119,11.0,22.0,35.0,4.3,31.2139,121.4166,31.2268,121.4212
3843,119,90.0,90.0,28.0,3.8,31.296,121.401,31.2951,121.4086
25169,119,13.0,13.0,27.0,3.8,31.2164,121.4349,31.2183,121.4393
16529,119,11.0,3.0,39.0,4.8,31.2107,121.4101,31.2073,121.433
36842,119,75.0,74.0,30.0,3.9,31.2754,121.4501,31.2703,121.4436
326,119,75.0,63.0,38.0,4.8,31.2704,121.4515,31.2642,121.434
12927,119,25.0,24.0,27.0,3.6,31.2285,121.4504,31.2233,121.4477
22395,119,31.0,31.0,29.0,3.6,31.2323,121.4107,31.2309,121.4176
11531,119,75.0,86.0,34.0,4.800000000000001,31.2761,121.4514,31.285,121.4616
11493,119,23.0,24.0,31.0,3.8,31.2289,121.4389,31.2253,121.4481
187,119,25.0,24.0,30.0,4.3,31.221,121.4568,31.2232,121.4458
24233,119,23.0,24.0,32.0,4.2,31.2282,121.4351,31.2253,121.4497
3885,119,31.0,42.0,37.0,4.7,31.236,121.4163,31.2462,121.4271
11158,119,33.0,35.0,40.0,5.0,31.2349,121.4303,31.238,121.45
15069,120,25.0,8.0,56.0,6.7,31.226,121.4521,31.2022,121.4854
36767,120,75.0,64.0,40.0,5.5,31.2797,121.4558,31.2642,121.4448
2329,120,25.0,8.0,58.0,6.800000000000001,31.2285,121.4504,31.2052,121.4841
29056,120,58.0,59.0,29.0,4.5,31.26,121.486,31.2548,121.493
3576,120,58.0,59.0,36.0,4.9,31.2585,121.4861,31.2504,121.4963
31910,120,1.0,10.0,37.0,5.0,31.208,121.4187,31.2145,121.4041
8736,120,6.0,9.0,41.0,5.2,31.2058,121.4657,31.2026,121.4904
37545,120,45.0,34.0,35.0,4.800000000000001,31.2457,121.4558,31.236,121.4462
36276,120,44.0,33.0,40.0,5.1,31.241,121.448,31.2312,121.4326
16199,120,35.0,25.0,33.0,4.6000000000000005,31.2325,121.4592,31.222,121.4533
34053,120,61.0,72.0,30.0,3.6,31.27,121.4154,31.2729,121.4204
35936,120,76.0,74.0,43.0,5.5,31.2759,121.4696,31.2787,121.4441
26210,120,31.0,31.0,26.0,4.1,31.2359,121.4171,31.2386,121.4103
748,120,24.0,15.0,30.0,4.4,31.2262,121.4493,31.2159,121.4503
26797,121,25.0,14.0,36.0,4.2,31.2296,121.4546,31.2198,121.4441
10517,121,26.0,36.0,32.0,4.7,31.2259,121.4688,31.2366,121.4692
23754,121,74.0,74.0,31.0,4.3,31.2785,121.4419,31.2739,121.4484
5482,121,13.0,14.0,35.0,4.3,31.2112,121.4321,31.2157,121.4466
12554,121,24.0,14.0,31.0,4.4,31.2265,121.447,31.2191,121.4411
1980,121,34.0,25.0,36.0,4.5,31.2361,121.4452,31.2259,121.4524
25919,121,71.0,50.0,37.0,5.0,31.2719,121.4121,31.2544,121.4095
14556,121,90.0,90.0,25.0,3.8,31.296,121.401,31.2917,121.4015
12593,121,58.0,59.0,36.0,4.5,31.2571,121.4841,31.2552,121.4971
29667,121,11.0,1.0,33.0,4.2,31.2146,121.4112,31.2031,121.4176
10955,121,56.0,56.0,28.0,4.2,31.2513,121.4694,31.2586,121.4667
18258,121,25.0,24.0,33.0,4.1,31.2285,121.4504,31.2209,121.4437
2081,121,35.0,13.0,45.0,5.800000000000001,31.2383,121.4529,31.2184,121.4365
10589,121,26.0,5.0,43.0,5.7,31.2248,121.4674,31.2077,121.4539
24877,121,6.0,6.0,26.0,3.6,31.2048,121.4696,31.2041,121.4658
1719,121,13.0,14.0,33.0,4.7,31.2138,121.4308,31.2105,121.4437
37482,122,71.0,71.0,25.0,3.7,31.2785,121.418,31.2761,121.4151
33276,122,43.0,52.0,32.0,4.1,31.2482,121.4385,31.251,121.4278
11740,122,16.0,27.0,33.0,4.4,31.2177,121.4611,31.2202,121.4716
4994,122,46.0,44.0,39.0,4.699999999999999,31.2431,121.462,31.2406,121.4412
30233,122,22.0,33.0,38.0,5.4,31.2268,121.4202,31.2339,121.4397
35191,122,35.0,24.0,36.0,4.3,31.2356,121.4518,31.229,121.441
24627,122,24.0,36.0,41.0,5.4,31.2214,121.4403,31.2307,121.4637
18028,122,75.0,74.0,32.0,4.5,31.2793,121.4593,31.2779,121.4456
34128,122,31.0,21.0,28.0,4.1,31.2304,121.4128,31.2279,121.4127
21938,122,24.0,35.0,34.0,4.6000000000000005,31.2244,121.4482,31.2301,121.4598
29683,122,11.0,10.0,31.0,4.0,31.2152,121.4171,31.2115,121.4052
4995,122,45.0,53.0,42.0,5.4,31.2405,121.4593,31.2504,121.4359
27874,122,75.0,50.0,68.0,8.200000000000001,31.273,121.4573,31.2505,121.4033
12002,122,71.0,71.0,31.0,4.2,31.2711,121.42,31.2788,121.4177
19525,122,43.0,44.0,35.0,4.4,31.2427,121.4365,31.2487,121.4486
3353,122,68.0,56.0,42.0,5.2,31.2623,121.4815,31.2513,121.4608
30892,122,44.0,34.0,30.0,4.4,31.2467,121.4406,31.2397,121.4491
5903,122,67.0,77.0,34.0,4.800000000000001,31.2687,121.4721,31.2796,121.4785
8648,122,31.0,21.0,27.0,4.2,31.2354,121.4196,31.23,121.4198
36126,123,61.0,71.0,33.0,4.4,31.2651,121.4146,31.2735,121.4193
34758,123,75.0,75.0,27.0,3.6,31.2767,121.45,31.2716,121.4507
1673,123,57.0,68.0,36.0,4.7,31.2555,121.4761,31.2686,121.4852
4997,123,45.0,53.0,40.0,5.1,31.2435,121.4538,31.2523,121.437
33637,123,18.0,8.0,26.0,3.6,31.2129,121.4862,31.2098,121.4852
29548,123,74.0,84.0,29.0,4.1,31.2785,121.4419,31.2871,121.4404
8154,123,18.0,7.0,37.0,5.0,31.2129,121.4862,31.2019,121.4705
35668,123,75.0,64.0,38.0,4.7,31.2795,121.4575,31.2672,121.448
26983,123,24.0,25.0,32.0,4.7,31.2229,121.4434,31.2276,121.4532
36924,123,33.0,34.0,36.0,4.800000000000001,31.2346,121.4326,31.2308,121.4451
26480,123,71.0,82.0,40.0,5.0,31.2721,121.412,31.2892,121.4286
27863,123,75.0,64.0,36.0,4.7,31.2761,121.457,31.2647,121.4444
15123,123,75.0,64.0,36.0,5.1,31.2799,121.4574,31.2649,121.4469
707,123,24.0,14.0,34.0,4.6000000000000005,31.2297,121.4415,31.2142,121.4434
8157,123,18.0,8.0,32.0,4.6,31.2153,121.4892,31.2047,121.4869
918,123,45.0,45.0,27.0,4.3,31.2475,121.4562,31.2449,121.4516
35871,124,22.0,23.0,29.0,4.4,31.229,121.4257,31.2253,121.4346
1062,124,27.0,17.0,34.0,4.5,31.2243,121.4731,31.2152,121.4751
10348,124,75.0,85.0,30.0,3.8,31.2795,121.4575,31.2872,121.459
6300,124,45.0,56.0,38.0,4.9,31.2406,121.4512,31.2525,121.4666
25819,124,6.0,18.0,43.0,5.1,31.2098,121.4619,31.2197,121.4828
21385,124,31.0,22.0,42.0,5.4,31.234,121.4145,31.2207,121.4297
13320,124,89.0,89.0,25.0,4.0,31.2859,121.4915,31.2877,121.4956
25833,124,27.0,8.0,43.0,5.5,31.2243,121.4731,31.2017,121.4827
26510,124,62.0,72.0,38.0,5.2,31.2614,121.4202,31.2782,121.4296
18079,124,66.0,65.0,35.0,4.800000000000001,31.2688,121.4678,31.2673,121.4524
16323,124,90.0,90.0,25.0,3.2,31.2969,121.4022,31.2983,121.4003
49,124,43.0,53.0,29.0,3.8,31.2466,121.43,31.2514,121.4352
28558,124,11.0,11.0,26.0,3.6,31.2155,121.4195,31.2114,121.4174
6649,124,75.0,65.0,27.0,3.9,31.2714,121.4541,31.2682,121.4501
31391,124,58.0,67.0,38.0,4.9,31.2503,121.4823,31.2685,121.4737
33702,124,15.0,16.0,34.0,4.1,31.2155,121.4508,31.2198,121.4615
31609,125,71.0,70.0,35.0,5.1000000000000005,31.2718,121.4164,31.2717,121.4004
23798,125,35.0,34.0,32.0,4.4,31.2317,121.4585,31.2315,121.4435
3734,125,13.0,23.0,39.0,5.4,31.2102,121.4391,31.2288,121.435
26783,125,71.0,61.0,30.0,4.2,31.2727,121.4137,31.2621,121.4125
17008,125,56.0,65.0,39.0,4.6,31.2529,121.4646,31.2684,121.4574
4513,125,2.0,11.0,33.0,4.9,31.205,121.4216,31.2125,121.4108
14009,125,17.0,16.0,36.0,4.5,31.2116,121.4789,31.2173,121.4618
37064,125,2.0,2.0,26.0,3.8,31.2009,121.4216,31.2012,121.4271
28350,125,84.0,65.0,41.0,5.5,31.2816,121.4414,31.2643,121.4575
2656,125,13.0,2.0,31.0,4.1,31.2133,121.4319,31.2047,121.4272
34928,125,71.0,62.0,30.0,4.0,31.2759,121.412,31.2682,121.4206
9672,125,75.0,32.0,69.0,8.200000000000001,31.2747,121.4527,31.2331,121.4203
18367,125,24.0,33.0,28.0,3.8,31.2296,121.4403,31.233,121.4391
1303,125,71.0,61.0,33.0,4.800000000000001,31.2759,121.412,31.2655,121.4196
20918,125,6.0,6.0,22.0,3.9,31.2075,121.4653,31.2063,121.4672
768,126,61.0,53.0,42.0,5.4,31.2619,121.418,31.252,121.4379
11697,126,97.0,87.0,32.0,4.800000000000001,31.293,121.47,31.2816,121.4745
35465,126,73.0,95.0,43.0,5.9,31.2765,121.4383,31.2938,121.4555
21673,126,24.0,45.0,47.0,5.6,31.2214,121.4403,31.2459,121.4557
1361,126,17.0,16.0,31.0,4.4,31.2124,121.4773,31.2184,121.4674
24292,126,44.0,42.0,32.0,4.800000000000001,31.2441,121.4404,31.246,121.4259
15734,126,71.0,70.0,28.0,4.2,31.2759,121.412,31.2729,121.4079
28001,126,67.0,67.0,30.0,4.2,31.2691,121.4713,31.2639,121.4758
24670,126,68.0,77.0,32.0,4.6,31.2665,121.4813,31.2757,121.4771
37177,126,97.0,87.0,32.0,4.3,31.2906,121.4778,31.2829,121.4779
25541,126,75.0,54.0,51.0,6.500000000000001,31.2799,121.4574,31.2529,121.4414
25555,126,75.0,54.0,42.0,5.4,31.2772,121.453,31.2577,121.4472
5704,126,35.0,35.0,28.0,4.0,31.2397,121.4546,31.2345,121.4551
10770,126,31.0,21.0,32.0,4.5,31.2304,121.4128,31.2219,121.4166
12300,127,88.0,88.0,25.0,3.8,31.2808,121.4868,31.2806,121.4895
12068,127,58.0,67.0,38.0,4.9,31.2561,121.4855,31.2679,121.4774
157,127,58.0,68.0,29.0,3.6,31.26,121.486,31.2651,121.4818
4605,127,7.0,8.0,32.0,4.1,31.2097,121.4792,31.2043,121.484
9912,127,11.0,1.0,29.0,3.8,31.2155,121.4195,31.2068,121.4173
38122,127,12.0,23.0,39.0,4.699999999999999,31.2178,121.425,31.2291,121.4398
31190,127,75.0,75.0,26.0,4.3,31.2734,121.4563,31.2788,121.4535
2170,127,69.0,79.0,34.0,4.5,31.2606,121.4982,31.2712,121.4917
35396,127,77.0,76.0,25.0,3.8,31.2716,121.4736,31.2735,121.4697
7746,127,75.0,76.0,38.0,5.0,31.2704,121.4521,31.278,121.4659
23147,127,31.0,31.0,28.0,4.5,31.2335,121.4105,31.2375,121.4182
36926,127,34.0,33.0,34.0,4.6,31.2361,121.4452,31.2385,121.4333
1700,128,12.0,11.0,34.0,4.2,31.2131,121.4294,31.2187,121.4153
29147,128,0.0,1.0,33.0,4.1,31.2055,121.4005,31.2073,121.4131
2119,128,15.0,14.0,35.0,4.6000000000000005,31.211,121.4567,31.2105,121.4435
29414,128,75.0,65.0,36.0,4.7,31.2787,121.4552,31.2648,121.458
27665,128,90.0,91.0,33.0,4.6000000000000005,31.293,121.4038,31.2982,121.4173
27440,128,22.0,13.0,36.0,4.4,31.2247,121.4285,31.2148,121.4372
6468,128,44.0,33.0,32.0,4.1,31.2435,121.4452,31.2386,121.4371
3934,128,75.0,65.0,37.0,5.1000000000000005,31.2762,121.457,31.2627,121.4538
26368,128,58.0,68.0,32.0,4.2,31.252,121.486,31.26,121.4882
31944,128,44.0,43.0,40.0,4.8,31.2448,121.4493,31.2483,121.4305
8706,128,69.0,69.0,28.0,3.9,31.2618,121.4906,31.2638,121.4927
26683,128,88.0,76.0,44.0,5.6,31.2842,121.4866,31.2776,121.4627
26929,128,11.0,32.0,43.0,5.3,31.215,121.4193,31.235,121.4271
35572,128,56.0,56.0,28.0,4.0,31.2529,121.4646,31.2536,121.4621
25758,128,84.0,83.0,26.0,4.0,31.2884,121.4409,31.2849,121.4394
20322,129,43.0,44.0,34.0,4.7,31.2475,121.433,31.2402,121.4481
1451,129,11.0,22.0,34.0,4.4,31.2124,121.4159,31.2208,121.4293
34337,129,56.0,65.0,36.0,4.699999999999999,31.2529,121.4646,31.2681,121.4557
11204,129,25.0,45.0,41.0,5.2,31.226,121.4521,31.2455,121.4585
27392,129,27.0,27.0,28.0,3.6,31.2226,121.4737,31.2279,121.4755
25210,129,25.0,34.0,40.0,5.5,31.2245,121.4593,31.2399,121.4434
3302,129,2.0,12.0,31.0,4.0,31.2041,121.425,31.2153,121.4243
24988,129,75.0,74.0,36.0,4.800000000000001,31.2718,121.457,31.2723,121.4404
2180,129,90.0,91.0,36.0,4.3,31.296,121.401,31.2988,121.4139
23322,129,16.0,15.0,26.0,4.0,31.212,121.4646,31.2109,121.4591
22501,129,75.0,64.0,38.0,4.7,31.2781,121.4502,31.266,121.4419
9174,129,24.0,34.0,27.0,3.5,31.2291,121.4439,31.2313,121.4474
16585,129,46.0,69.0,58.0,7.1000000000000005,31.2431,121.462,31.2629,121.4998
24490,130,25.0,13.0,44.0,5.5,31.2254,121.4586,31.2155,121.4344
8500,130,31.0,40.0,42.0,5.3,31.2304,121.4128,31.2486,121.403
8762,130,34.0,32.0,40.0,4.699999999999999,31.238,121.4402,31.2366,121.4202
28153,130,56.0,45.0,39.0,4.9,31.2501,121.4679,31.2461,121.45
27634,130,67.0,59.0,42.0,5.9,31.2691,121.4713,31.2537,121.4937
6380,130,15.0,16.0,26.0,4.3,31.2186,121.4593,31.2169,121.4643
37522,130,75.0,75.0,25.0,4.1,31.2764,121.4598,31.2786,121.4561
28612,130,33.0,33.0,29.0,4.2,31.23,121.4355,31.2354,121.43
9434,130,35.0,36.0,32.0,4.5,31.2399,121.4559,31.2361,121.4647
24738,130,74.0,65.0,38.0,5.3,31.2728,121.4429,31.2616,121.4596
6545,130,77.0,77.0,24.0,3.5,31.2716,121.4736,31.2749,121.4706
13229,130,33.0,34.0,34.0,4.9,31.2349,121.4303,31.2393,121.4448
35724,130,77.0,56.0,44.0,5.2,31.2784,121.4785,31.2592,121.4625
30874,130,24.0,24.0,25.0,3.7,31.2252,121.4493,31.2263,121.4454
16411,131,77.0,77.0,32.0,4.2,31.2769,121.4718,31.2742,121.4794
29932,131,22.0,33.0,26.0,3.6,31.2266,121.4273,31.2304,121.4318
861,131,44.0,34.0,34.0,4.2,31.2467,121.4406,31.2353,121.4482
22744,131,35.0,35.0,24.0,3.6,31.2323,121.4515,31.2351,121.4535
28407,131,71.0,50.0,41.0,5.5,31.2761,121.4138,31.2582,121.4065
22689,131,68.0,58.0,32.0,4.7,31.2626,121.4855,31.2537,121.4812
13601,131,44.0,34.0,31.0,3.9,31.2435,121.4452,31.2353,121.4483
20014,131,75.0,54.0,36.0,4.4,31.2704,121.4515,31.2569,121.4475
27422,131,71.0,71.0,30.0,3.7,31.2718,121.4164,31.2779,121.4175
21613,131,43.0,54.0,42.0,5.2,31.2427,121.4365,31.2584,121.449
19920,131,59.0,69.0,28.0,4.3,31.2543,121.4919,31.2608,121.4926
37065,131,2.0,3.0,39.0,5.0,31.205,121.4216,31.2048,121.44
3541,132,58.0,49.0,30.0,4.3,31.2585,121.4861,31.2492,121.4933
22839,132,71.0,61.0,37.0,5.1,31.2796,121.4179,31.2629,121.4145
11770,132,44.0,43.0,34.0,4.0,31.2444,121.4419,31.2488,121.4312
9570,132,75.0,51.0,62.0,6.800000000000001,31.273,121.4573,31.252,121.4151
33335,132,11.0,21.0,36.0,4.4,31.2154,121.4175,31.2277,121.4197
35058,132,75.0,41.0,68.0,8.0,31.2782,121.4571,31.2449,121.4109
37266,132,26.0,26.0,34.0,4.6,31.2294,121.4693,31.2212,121.4646
33775,132,75.0,65.0,28.0,4.3,31.2702,121.4591,31.2649,121.4591
23288,132,22.0,31.0,34.0,4.3,31.2267,121.4236,31.2356,121.4159
22883,132,22.0,22.0,31.0,4.1,31.2216,121.4241,31.23,121.4286
25481,132,18.0,8.0,34.0,4.4,31.2153,121.4892,31.2079,121.4814
3983,133,0.0,1.0,38.0,5.0,31.2078,121.4007,31.2051,121.4195
31739,133,95.0,86.0,38.0,5.1,31.2924,121.4511,31.2819,121.4698
16700,133,2.0,0.0,40.0,4.6,31.2041,121.425,31.2089,121.407
26349,133,24.0,24.0,24.0,3.7,31.2254,121.4403,31.224,121.4412
9391,133,22.0,23.0,32.0,4.5,31.229,121.4257,31.2291,121.4359
7757,133,75.0,76.0,31.0,3.9,31.2755,121.4585,31.279,121.4666
14981,133,44.0,64.0,44.0,5.4,31.2448,121.4493,31.2674,121.4444
9216,133,18.0,9.0,36.0,5.0,31.2111,121.48,31.2016,121.494
21,134,6.0,6.0,28.0,4.2,31.2075,121.4653,31.202,121.4638
3235,134,44.0,44.0,26.0,3.5,31.2437,121.4403,31.2416,121.4436
6292,134,76.0,76.0,27.0,4.3,31.2733,121.4612,31.2771,121.4651
9429,134,35.0,35.0,25.0,3.4000000000000004,31.2335,121.4565,31.2331,121.4544
25303,134,75.0,53.0,50.0,6.199999999999999,31.2716,121.4597,31.2551,121.4347
18901,134,90.0,72.0,49.0,6.200000000000001,31.2987,121.4007,31.2778,121.4256
12563,134,75.0,53.0,47.0,6.1,31.2714,121.4541,31.2512,121.4314
14128,134,31.0,31.0,28.0,3.7,31.236,121.4187,31.2324,121.4137
0,134,18.0,8.0,31.0,4.0,31.2134,121.4872,31.2074,121.4823
15432,135,68.0,49.0,39.0,4.8,31.2656,121.4871,31.248,121.497
30770,135,75.0,86.0,37.0,5.3,31.2706,121.4532,31.2829,121.4655
17607,135,75.0,85.0,40.0,5.0,31.2704,121.4521,31.2883,121.4595
8598,135,77.0,76.0,33.0,4.3,31.2784,121.4785,31.2792,121.4632
34737,135,23.0,24.0,30.0,3.8,31.2289,121.4389,31.2236,121.4456
19663,135,75.0,74.0,32.0,4.1,31.2761,121.4514,31.2798,121.4415
5296,135,75.0,85.0,29.0,3.8,31.2764,121.4598,31.2817,121.4586
6923,135,75.0,74.0,32.0,4.7,31.2799,121.4574,31.272,121.4462
36146,135,56.0,56.0,25.0,4.1,31.2571,121.4627,31.2532,121.4609
26565,135,45.0,36.0,39.0,4.9,31.2495,121.4592,31.234,121.4699
1411,135,69.0,79.0,39.0,4.9,31.2619,121.4929,31.2794,121.4962
37131,136,1.0,10.0,35.0,4.2,31.208,121.4187,31.2115,121.405
2845,136,24.0,13.0,33.0,4.7,31.2235,121.4481,31.2167,121.4372
10791,136,90.0,90.0,24.0,3.6,31.296,121.401,31.2999,121.4036
20971,136,12.0,22.0,37.0,5.1000000000000005,31.215,121.4262,31.2289,121.424
29755,136,17.0,18.0,33.0,4.5,31.2144,121.4709,31.21,121.4819
18751,136,31.0,52.0,49.0,6.199999999999999,31.2303,121.4199,31.257,121.4279
8431,136,1.0,0.0,34.0,4.7,31.209,121.4158,31.2035,121.4036
6057,136,14.0,15.0,30.0,4.0,31.2112,121.4448,31.2114,121.4551
29210,136,13.0,22.0,42.0,5.4,31.2102,121.4391,31.2228,121.4207
16197,136,75.0,65.0,31.0,4.0,31.2723,121.4598,31.2634,121.4535
13774,136,62.0,63.0,37.0,4.9,31.2614,121.4202,31.2692,121.437
20273,137,25.0,6.0,40.0,4.6,31.2205,121.4529,31.2072,121.4636
36734,137,84.0,75.0,33.0,4.9,31.2826,121.4495,31.2707,121.4559
6576,137,18.0,19.0,30.0,4.4,31.2129,121.4862,31.219,121.4946
20661,137,55.0,36.0,37.0,5.1,31.2527,121.4599,31.2369,121.4661
26663,137,43.0,44.0,33.0,4.5,31.2475,121.433,31.2485,121.4477
37949,137,35.0,36.0,28.0,3.9,31.24,121.4575,31.2324,121.461
19379,137,75.0,74.0,32.0,4.3,31.275,121.4573,31.274,121.4417
7187,137,17.0,17.0,30.0,4.0,31.2193,121.4794,31.2113,121.4724
20734,137,24.0,34.0,39.0,4.8,31.2221,121.4402,31.238,121.4493
4013,137,35.0,34.0,30.0,4.3,31.2309,121.459,31.2321,121.4494
15568,138,18.0,9.0,42.0,5.3,31.2173,121.4813,31.2013,121.4932
9259,138,24.0,22.0,38.0,5.5,31.2275,121.4445,31.2236,121.4221
33631,138,13.0,12.0,35.0,4.5,31.2165,121.4365,31.2135,121.4222
14477,138,14.0,14.0,29.0,3.6,31.2112,121.4448,31.2153,121.4412
25231,138,18.0,18.0,27.0,4.3,31.2134,121.4872,31.216,121.4811
13565,138,12.0,11.0,29.0,4.4,31.2177,121.4251,31.2127,121.4176
2828,138,18.0,9.0,33.0,4.4,31.2153,121.4892,31.2052,121.4958
8743,138,31.0,21.0,35.0,4.4,31.2354,121.4196,31.2231,121.4169
1048,138,16.0,16.0,28.0,3.8,31.2163,121.4699,31.2112,121.4666
13606,139,24.0,24.0,24.0,3.7,31.2266,121.4427,31.2296,121.4465
29032,139,77.0,96.0,44.0,5.0,31.2779,121.4787,31.296,121.4634
22920,139,77.0,67.0,32.0,4.7,31.276,121.4724,31.2641,121.4725
19964,139,41.0,42.0,32.0,4.1,31.2493,121.4176,31.2425,121.4258
5122,139,75.0,66.0,37.0,4.699999999999999,31.2701,121.4523,31.2603,121.4692
33990,139,24.0,24.0,31.0,4.3,31.2252,121.4493,31.2261,121.4408
1159,139,43.0,43.0,27.0,3.5,31.2434,121.4352,31.2409,121.4343
9609,139,75.0,73.0,34.0,4.7,31.2755,121.4578,31.2754,121.4396
13137,139,45.0,45.0,23.0,3.9,31.2457,121.4558,31.2466,121.454
23871,139,84.0,73.0,36.0,4.7,31.2892,121.4427,31.2776,121.4314
35477,140,34.0,45.0,38.0,4.6,31.2329,121.4453,31.2429,121.4596
14538,140,96.0,97.0,28.0,3.9,31.2933,121.4639,31.2921,121.4739
13141,140,45.0,45.0,26.0,3.7,31.2405,121.4593,31.2448,121.4548
7685,140,24.0,23.0,31.0,4.4,31.2278,121.4411,31.2243,121.4338
14185,140,90.0,82.0,39.0,5.1,31.293,121.4038,31.2831,121.4244
10071,140,96.0,93.0,40.0,5.3,31.2933,121.4639,31.2902,121.4388
23403,140,25.0,26.0,33.0,4.800000000000001,31.2296,121.4546,31.2203,121.4641
22472,140,11.0,11.0,26.0,3.8,31.215,121.4193,31.2138,121.4187
17912,141,6.0,6.0,27.0,4.0,31.2076,121.4654,31.2048,121.4608
32855,141,35.0,35.0,26.0,3.4000000000000004,31.2383,121.459,31.2386,121.4569
27459,141,25.0,14.0,35.0,4.5,31.2222,121.4568,31.2176,121.4427
21704,141,75.0,76.0,38.0,4.4,31.2704,121.4515,31.2748,121.4687
22329,141,75.0,75.0,30.0,4.3,31.2716,121.4597,31.2723,121.4521
20115,141,35.0,35.0,24.0,3.9,31.2344,121.4596,31.2385,121.4587
35188,141,25.0,36.0,36.0,4.5,31.2293,121.4595,31.2399,121.4648
9345,141,75.0,55.0,38.0,4.800000000000001,31.273,121.4573,31.2581,121.4552
16083,141,8.0,8.0,26.0,3.9,31.2076,121.4825,31.2021,121.4828
22448,141,25.0,36.0,36.0,5.1,31.2257,121.4505,31.2383,121.4648
10820,142,11.0,11.0,26.0,3.8,31.2102,121.4198,31.2129,121.4183
29994,142,11.0,22.0,32.0,4.4,31.2139,121.4166,31.2201,121.4207
23377,142,14.0,23.0,34.0,4.3,31.2153,121.4446,31.2202,121.4346
34106,142,58.0,69.0,32.0,3.9,31.258,121.4878,31.262,121.4967
15323,142,77.0,86.0,34.0,4.4,31.2721,121.4799,31.282,121.4689
34734,142,46.0,56.0,34.0,4.9,31.2431,121.462,31.2575,121.4634
36414,142,35.0,35.0,24.0,3.8,31.2356,121.4518,31.2382,121.45
3210,142,11.0,10.0,34.0,4.5,31.213,121.4198,31.2181,121.4081
4608,142,44.0,43.0,34.0,5.0,31.2444,121.4465,31.2486,121.4305
37363,143,45.0,56.0,37.0,5.0,31.2431,121.4578,31.2585,121.4664
1963,143,56.0,67.0,31.0,3.8,31.2571,121.4627,31.2602,121.4722
10102,143,99.0,89.0,33.0,4.1,31.2929,121.4992,31.2818,121.4986
26121,143,33.0,33.0,27.0,3.9,31.2332,121.4394,31.2332,121.4345
31359,143,24.0,24.0,22.0,3.3000000000000003,31.2235,121.4481,31.2225,121.4488
27594,143,14.0,14.0,24.0,3.9,31.2164,121.4483,31.2188,121.45
10124,143,97.0,96.0,28.0,4.0,31.293,121.47,31.2915,121.4673
1435,144,6.0,7.0,31.0,3.9,31.204,121.4664,31.2045,121.4758
23942,144,31.0,12.0,41.0,5.3,31.2354,121.4196,31.2138,121.4252
38065,144,35.0,24.0,40.0,4.8,31.2375,121.4595,31.2211,121.4498
32878,144,71.0,72.0,35.0,4.4,31.2721,121.412,31.2711,121.4267
13390,144,77.0,75.0,43.0,5.3,31.2778,121.4774,31.2757,121.4505
6624,144,71.0,71.0,32.0,4.1,31.2796,121.4179,31.2731,121.4104
25325,144,35.0,24.0,40.0,4.8,31.2383,121.459,31.222,121.4498
10514,145,88.0,87.0,34.0,4.7,31.2808,121.4868,31.2832,121.4742
33026,145,90.0,90.0,29.0,4.1,31.2987,121.4007,31.2978,121.4064
2619,145,13.0,23.0,41.0,5.0,31.2112,121.4321,31.2293,121.4386
7986,145,24.0,23.0,27.0,3.6,31.2214,121.4403,31.2255,121.437
8449,145,18.0,27.0,27.0,4.1,31.216,121.4829,31.2219,121.4795
3187,145,77.0,68.0,37.0,4.7,31.2778,121.4774,31.2645,121.4821
35789,145,22.0,33.0,38.0,4.6,31.2237,121.4242,31.2393,121.4307
33046,146,6.0,7.0,28.0,3.8,31.2076,121.4654,31.2033,121.4741
34918,146,43.0,43.0,24.0,4.1,31.2475,121.433,31.2454,121.4315
24503,146,11.0,10.0,31.0,3.8,31.2158,121.4142,31.2144,121.4045
12305,146,87.0,88.0,35.0,4.5,31.284,121.4715,31.2886,121.485
37247,146,44.0,54.0,32.0,4.4,31.2435,121.4452,31.2554,121.4414
29947,146,69.0,59.0,36.0,4.2,31.2644,121.4987,31.2516,121.4967
26416,146,47.0,47.0,26.0,4.0,31.2475,121.4724,31.2451,121.4758
31346,147,45.0,54.0,45.0,5.4,31.2405,121.4593,31.2588,121.4425
14558,147,25.0,32.0,53.0,6.0,31.2205,121.4529,31.2369,121.4205
8828,147,75.0,76.0,26.0,3.9,31.2728,121.4597,31.2705,121.4604
29322,147,90.0,91.0,32.0,4.6000000000000005,31.296,121.401,31.2967,121.4147
32163,147,42.0,52.0,33.0,4.5,31.2487,121.4203,31.2591,121.4256
28726,147,58.0,58.0,32.0,4.1,31.2503,121.4803,31.2593,121.4843
33594,148,11.0,31.0,41.0,5.5,31.2109,121.412,31.2323,121.4141
21193,148,24.0,24.0,28.0,3.6,31.2278,121.4445,31.227,121.447
14802,148,25.0,15.0,33.0,4.1,31.2265,121.4529,31.2163,121.4508
12989,148,77.0,78.0,28.0,4.4,31.2724,121.4785,31.2766,121.4853
20895,148,18.0,18.0,28.0,3.7,31.2167,121.4811,31.2118,121.4865
29676,148,11.0,4.0,45.0,5.5,31.2139,121.4137,31.2072,121.4404
2595,149,45.0,44.0,36.0,4.9,31.2474,121.4578,31.2464,121.4425
12443,149,11.0,12.0,27.0,3.7,31.2139,121.4166,31.2187,121.4202
28371,149,24.0,33.0,30.0,4.0,31.2276,121.4402,31.2313,121.4343
23996,149,84.0,96.0,44.0,5.6000000000000005,31.2886,121.4405,31.2947,121.4683
17029,149,6.0,16.0,33.0,4.4,31.2076,121.4654,31.2185,121.4628
1045,149,26.0,15.0,31.0,3.9,31.2236,121.4662,31.2181,121.4583
9910,150,11.0,11.0,26.0,3.8,31.2102,121.4198,31.2108,121.418
7656,150,31.0,40.0,34.0,4.3,31.236,121.4187,31.2428,121.407
2720,150,35.0,46.0,36.0,4.9,31.2383,121.459,31.2494,121.4685
19950,150,26.0,6.0,41.0,5.2,31.2259,121.4688,31.204,121.4686
2472,150,6.0,18.0,43.0,5.9,31.2075,121.4653,31.2198,121.4886
20052,151,34.0,24.0,36.0,4.800000000000001,31.2398,121.4443,31.227,121.4427
2729,151,46.0,35.0,37.0,5.1000000000000005,31.2432,121.4674,31.2388,121.452
24477,151,25.0,6.0,41.0,5.4,31.2254,121.4586,31.2068,121.4684
10628,151,48.0,78.0,49.0,5.6,31.2465,121.4877,31.2755,121.4893
9911,151,11.0,11.0,25.0,3.7,31.2135,121.4125,31.211,121.41
31662,152,43.0,44.0,33.0,4.800000000000001,31.2481,121.4355,31.2412,121.4459
38156,152,68.0,38.0,49.0,6.199999999999999,31.2623,121.4815,31.2336,121.4821
32069,152,6.0,6.0,24.0,3.3000000000000003,31.2075,121.4653,31.2074,121.4662
1355,152,69.0,59.0,32.0,4.2,31.2618,121.4906,31.254,121.4977
35626,153,11.0,11.0,26.0,3.6,31.2152,121.4171,31.2181,121.4149
23856,153,95.0,96.0,38.0,4.5,31.2924,121.4511,31.2923,121.4674
23238,153,11.0,11.0,29.0,4.3,31.2138,121.42,31.2192,121.4127
13027,153,84.0,82.0,33.0,4.4,31.2886,121.4405,31.2883,121.4249
29312,153,84.0,73.0,34.0,5.1000000000000005,31.2883,121.4429,31.2739,121.4396
28783,154,77.0,75.0,39.0,5.4,31.272,121.4726,31.2737,121.4514
29297,154,53.0,42.0,36.0,5.3,31.2502,121.4368,31.2411,121.4216
9039,154,11.0,20.0,34.0,4.6000000000000005,31.211,121.4102,31.2266,121.4081
7313,154,24.0,34.0,32.0,4.4,31.2276,121.4402,31.2333,121.4473
15648,155,11.0,21.0,35.0,4.800000000000001,31.2171,121.414,31.2284,121.4103
3273,155,11.0,10.0,34.0,4.7,31.213,121.4198,31.2139,121.4068
30984,155,46.0,55.0,41.0,4.8,31.2432,121.4674,31.2591,121.4546
13260,155,0.0,11.0,39.0,4.9,31.2078,121.4007,31.219,121.4175
15629,155,25.0,36.0,32.0,4.7,31.2245,121.4598,31.2349,121.4618
19352,156,12.0,12.0,30.0,3.7,31.2123,121.4268,31.2177,121.4286
6451,156,99.0,89.0,30.0,4.3,31.2929,121.4992,31.2848,121.4976
32092,156,12.0,12.0,32.0,4.2,31.22,121.4211,31.2117,121.4252
20948,156,16.0,16.0,26.0,3.5,31.2177,121.4611,31.2145,121.4606
19845,157,23.0,44.0,38.0,5.3,31.2289,121.4389,31.2452,121.4401
35341,157,34.0,24.0,29.0,4.5,31.236,121.4469,31.2283,121.4466
17418,157,11.0,14.0,48.0,5.9,31.2109,121.412,31.2132,121.4458
7334,158,7.0,19.0,34.0,4.800000000000001,31.2097,121.4792,31.2139,121.4933
32814,158,7.0,19.0,40.0,5.5,31.2025,121.4797,31.214,121.4989
26174,158,24.0,24.0,27.0,3.6,31.2218,121.4411,31.2204,121.4487
10089,158,56.0,56.0,29.0,4.2,31.2501,121.4679,31.257,121.4654
7077,159,88.0,88.0,28.0,3.4,31.2827,121.4884,31.2809,121.4867
28831,159,77.0,77.0,26.0,3.9,31.2747,121.4778,31.2762,121.4743
16993,160,52.0,53.0,28.0,4.1,31.2512,121.4264,31.2558,121.4339
6995,160,6.0,4.0,36.0,4.3,31.2051,121.4607,31.2092,121.4458
26570,160,26.0,15.0,42.0,5.0,31.2294,121.4693,31.2142,121.4577
14906,161,27.0,24.0,46.0,6.3,31.2245,121.4766,31.229,121.4444
7437,161,16.0,15.0,34.0,4.4,31.212,121.4646,31.2135,121.4529
19784,161,56.0,46.0,28.0,3.9,31.2514,121.4666,31.2488,121.4657
22598,162,34.0,33.0,31.0,4.3,31.236,121.4469,31.231,121.4392
28673,162,67.0,68.0,26.0,3.6,31.262,121.475,31.2603,121.4805
16769,162,34.0,52.0,50.0,6.1,31.2316,121.4431,31.2594,121.4239
33166,163,24.0,12.0,37.0,5.0,31.2248,121.4449,31.2172,121.4259
18443,163,25.0,33.0,36.0,5.199999999999999,31.2283,121.4558,31.234,121.4365
36292,164,56.0,56.0,24.0,3.2,31.2543,121.464,31.2559,121.4635
32806,164,85.0,84.0,31.0,4.4,31.2814,121.4541,31.2868,121.4457
3692,165,15.0,6.0,35.0,4.9,31.2152,121.455,31.2053,121.4674
2044,166,2.0,10.0,42.0,5.1,31.2003,121.42,31.215,121.4027
24494,166,15.0,14.0,30.0,4.2,31.2146,121.4536,31.2123,121.4444
18206,167,13.0,42.0,56.0,7.3,31.2106,121.4369,31.2476,121.422
