,time,arrival_id,delivery_id,promise_time,delivery_fee,merchant_latitude,merchant_longitude,user_latitude,user_longitude
22053,0,25.0,25.0,28.0,3.6,31.2255,121.4508,31.2208,121.4552
30139,0,55.0,78.0,49.0,6.199999999999999,31.2527,121.4599,31.2717,121.4838
43513,0,58.0,48.0,26.0,3.8,31.251,121.4848,31.2447,121.4866
43473,0,67.0,49.0,51.0,6.4,31.2687,121.4721,31.2482,121.499
45019,1,97.0,97.0,33.0,4.3,31.2906,121.4778,31.2985,121.4701
43493,1,17.0,27.0,28.0,3.9,31.2172,121.4782,31.2225,121.4735
11151,1,72.0,82.0,31.0,4.1,31.2737,121.427,31.2811,121.4276
30014,2,25.0,36.0,34.0,5.0,31.2253,121.4558,31.2391,121.4604
29928,2,75.0,64.0,31.0,4.2,31.2714,121.4541,31.2682,121.445
45283,2,25.0,36.0,37.0,5.1,31.2245,121.4598,31.24,121.4646
42282,3,67.0,48.0,42.0,5.7,31.2687,121.4721,31.2483,121.4801
3383,3,75.0,54.0,49.0,6.1000000000000005,31.2797,121.4558,31.2516,121.4408
10313,3,24.0,34.0,31.0,4.6,31.2214,121.4437,31.2319,121.4408
38245,4,34.0,43.0,36.0,4.7,31.2316,121.4431,31.2409,121.4349
14587,4,13.0,11.0,38.0,4.9,31.2104,121.4345,31.2171,121.4173
28247,4,58.0,58.0,26.0,4.1,31.2513,121.4844,31.2575,121.4863
21823,4,17.0,27.0,34.0,4.6,31.2193,121.4794,31.2283,121.4724
6455,5,17.0,16.0,25.0,3.8,31.2112,121.4712,31.2129,121.4678
21157,5,69.0,69.0,29.0,4.0,31.2606,121.4982,31.2676,121.4979
36456,5,34.0,43.0,34.0,4.5,31.238,121.4402,31.2477,121.4325
30111,5,75.0,50.0,66.0,7.4,31.2778,121.4566,31.2577,121.4081
10436,6,12.0,12.0,28.0,4.3,31.2165,121.4222,31.2118,121.4294
35230,6,69.0,68.0,28.0,4.1,31.2611,121.4985,31.2622,121.4895
39266,6,75.0,64.0,42.0,5.0,31.2793,121.4593,31.2614,121.4484
28892,7,75.0,74.0,32.0,4.7,31.2795,121.4575,31.2704,121.4483
5840,7,12.0,11.0,35.0,4.9,31.2178,121.425,31.2103,121.4113
34847,7,24.0,34.0,26.0,3.7,31.2278,121.4445,31.234,121.4421
44161,7,75.0,74.0,32.0,4.5,31.2764,121.457,31.2768,121.4425
10062,8,75.0,65.0,31.0,4.0,31.2704,121.4515,31.2659,121.4581
12339,8,25.0,25.0,30.0,3.6,31.2245,121.4598,31.22,121.4545
13213,8,37.0,37.0,28.0,3.8,31.2307,121.4767,31.2395,121.4768
42877,8,25.0,25.0,32.0,4.0,31.2261,121.4596,31.2221,121.453
13899,8,24.0,14.0,30.0,4.3,31.2296,121.4439,31.2194,121.4481
7634,9,25.0,27.0,37.0,4.800000000000001,31.2245,121.4598,31.2225,121.4763
20437,9,13.0,35.0,48.0,6.1000000000000005,31.216,121.4381,31.2374,121.4571
27436,9,75.0,87.0,40.0,5.1,31.2792,121.4556,31.289,121.4707
11577,9,75.0,85.0,33.0,4.7,31.2709,121.4555,31.2804,121.4522
32398,10,11.0,2.0,35.0,4.9,31.2186,121.4122,31.2087,121.4227
20389,10,72.0,71.0,23.0,3.9,31.2758,121.421,31.2753,121.4193
31015,10,75.0,42.0,56.0,6.800000000000001,31.2743,121.4511,31.25,121.4222
2358,10,13.0,23.0,31.0,3.8,31.2165,121.4365,31.2231,121.4348
35301,10,14.0,36.0,48.0,5.7,31.2153,121.4446,31.2359,121.463
18267,11,24.0,23.0,34.0,4.1,31.221,121.4415,31.2244,121.4307
36666,11,43.0,34.0,42.0,5.4,31.2482,121.4385,31.2317,121.4489
35057,11,24.0,25.0,36.0,4.4,31.2211,121.4432,31.2256,121.4594
42712,11,75.0,87.0,42.0,5.5,31.2718,121.457,31.281,121.4795
43849,12,72.0,71.0,35.0,4.7,31.2737,121.427,31.2766,121.4126
44758,12,75.0,73.0,32.0,4.4,31.2713,121.4532,31.274,121.4392
31431,12,18.0,8.0,31.0,4.3,31.216,121.4829,31.2091,121.4881
14816,12,13.0,24.0,34.0,4.6000000000000005,31.216,121.4381,31.229,121.4401
852,12,24.0,14.0,31.0,4.2,31.2246,121.4457,31.2196,121.4402
11579,13,75.0,84.0,36.0,4.800000000000001,31.2764,121.4598,31.2812,121.4477
28326,13,57.0,57.0,25.0,3.4000000000000004,31.2549,121.4759,31.2558,121.4747
1420,13,48.0,49.0,30.0,3.9,31.2425,121.4824,31.2419,121.4904
1821,13,44.0,35.0,32.0,4.9,31.2408,121.4495,31.2305,121.4569
10720,13,75.0,76.0,32.0,4.3,31.2714,121.4541,31.2735,121.4637
4521,14,24.0,24.0,28.0,4.4,31.2262,121.4493,31.2274,121.4401
17342,14,57.0,68.0,34.0,4.6000000000000005,31.2565,121.4763,31.2672,121.4893
17122,14,24.0,13.0,35.0,4.9,31.2278,121.4445,31.219,121.4332
21925,14,69.0,69.0,22.0,3.7,31.2616,121.4932,31.2609,121.493
42634,15,75.0,65.0,37.0,4.9,31.2799,121.4537,31.2635,121.4502
27367,15,75.0,65.0,33.0,4.9,31.2778,121.4566,31.2647,121.4552
39673,15,12.0,11.0,31.0,4.4,31.2177,121.4251,31.2118,121.4172
14091,15,24.0,35.0,32.0,4.5,31.2267,121.4488,31.2345,121.4539
42848,16,35.0,33.0,38.0,4.699999999999999,31.2323,121.4515,31.2395,121.4334
24819,16,17.0,26.0,35.0,4.800000000000001,31.2193,121.4794,31.2202,121.465
11185,16,24.0,25.0,28.0,4.0,31.2233,121.4449,31.2224,121.451
35543,16,17.0,27.0,36.0,5.1,31.2108,121.4719,31.2285,121.4731
6259,16,75.0,74.0,24.0,3.6,31.2719,121.4509,31.2732,121.4493
40698,16,75.0,63.0,40.0,5.5,31.2734,121.4563,31.2618,121.4353
4379,17,69.0,79.0,38.0,4.4,31.2611,121.4985,31.2764,121.4952
39365,17,75.0,65.0,30.0,4.2,31.2728,121.4597,31.2684,121.4545
36737,17,6.0,7.0,35.0,4.800000000000001,31.2051,121.4621,31.2038,121.4752
24933,17,25.0,25.0,28.0,4.1,31.221,121.4568,31.2238,121.4534
10977,17,34.0,14.0,42.0,5.6,31.2329,121.4453,31.2116,121.4411
10158,18,75.0,43.0,55.0,6.9,31.2718,121.457,31.2405,121.4399
3223,18,35.0,25.0,34.0,4.800000000000001,31.2397,121.4546,31.2268,121.45
13948,18,56.0,46.0,36.0,4.3,31.2514,121.4666,31.2411,121.4602
9820,18,13.0,12.0,30.0,3.6,31.2165,121.4365,31.2138,121.4297
40358,18,13.0,12.0,35.0,4.7,31.2165,121.4365,31.21,121.4237
40128,19,75.0,74.0,32.0,4.3,31.2706,121.4532,31.2733,121.4452
44613,19,56.0,66.0,33.0,4.9,31.2514,121.4666,31.264,121.4634
39281,19,24.0,15.0,35.0,4.4,31.2252,121.4493,31.2122,121.4544
9590,19,75.0,74.0,38.0,5.0,31.2702,121.4591,31.2712,121.4427
28460,19,24.0,25.0,30.0,4.5,31.2262,121.4479,31.2264,121.4568
11496,20,75.0,75.0,25.0,3.9,31.2751,121.4579,31.2739,121.4572
31310,20,22.0,33.0,38.0,5.4,31.2223,121.4209,31.2393,121.4305
39603,20,25.0,26.0,29.0,4.3,31.228,121.4563,31.2285,121.464
10658,20,84.0,92.0,44.0,5.2,31.2816,121.4414,31.2989,121.4238
3476,21,75.0,56.0,46.0,5.2,31.2764,121.457,31.2541,121.4688
32313,21,13.0,13.0,23.0,3.3000000000000003,31.2133,121.4319,31.2139,121.4313
21034,21,24.0,24.0,22.0,3.4000000000000004,31.2266,121.4427,31.225,121.4427
15546,21,18.0,8.0,32.0,4.5,31.219,121.4885,31.2074,121.49
15171,21,10.0,1.0,36.0,4.4,31.2115,121.4025,31.2038,121.4172
9199,21,75.0,52.0,47.0,6.0,31.2709,121.4555,31.2598,121.4241
19123,21,24.0,13.0,27.0,4.1,31.2211,121.4455,31.2195,121.439
14090,22,24.0,34.0,40.0,5.3,31.2214,121.4423,31.2381,121.4463
3574,22,12.0,2.0,32.0,4.1,31.2102,121.4286,31.204,121.4241
10880,22,23.0,44.0,48.0,6.1,31.2221,121.4345,31.2462,121.4498
31833,22,75.0,56.0,46.0,5.4,31.2787,121.4552,31.2569,121.4695
29938,22,75.0,52.0,55.0,6.6000000000000005,31.2761,121.4514,31.2506,121.4211
37155,22,18.0,9.0,31.0,3.8,31.2153,121.4892,31.2074,121.4918
33914,22,75.0,52.0,55.0,6.4,31.2788,121.4563,31.2506,121.4284
45206,22,75.0,52.0,52.0,6.3,31.2723,121.4598,31.2537,121.4277
39708,23,2.0,12.0,38.0,5.0,31.2041,121.425,31.2197,121.4272
39360,23,18.0,26.0,40.0,5.5,31.2128,121.4818,31.2247,121.4605
4022,23,15.0,13.0,46.0,5.800000000000001,31.2132,121.4588,31.2117,121.431
2242,23,6.0,6.0,24.0,3.4,31.204,121.4664,31.2028,121.4633
43781,24,34.0,24.0,38.0,5.199999999999999,31.2398,121.4443,31.2222,121.4451
19512,24,6.0,16.0,36.0,4.5,31.2059,121.4635,31.2188,121.4679
29647,24,12.0,13.0,30.0,3.6,31.2114,121.4256,31.2125,121.4312
39224,24,24.0,23.0,24.0,3.5,31.221,121.4415,31.2211,121.4379
19977,24,75.0,85.0,24.0,3.9,31.2799,121.4537,31.2823,121.4545
13401,24,22.0,33.0,41.0,4.9,31.2216,121.4241,31.2396,121.4311
20861,25,15.0,25.0,30.0,4.4,31.2163,121.4588,31.2258,121.4585
13921,25,11.0,10.0,30.0,4.3,31.211,121.4102,31.2144,121.4033
29383,25,46.0,14.0,53.0,6.2,31.2431,121.462,31.215,121.4428
14584,25,13.0,31.0,48.0,5.9,31.2112,121.4321,31.2334,121.4167
41520,25,24.0,24.0,24.0,4.0,31.2203,121.4462,31.2234,121.4454
7318,25,13.0,13.0,27.0,3.7,31.2138,121.4308,31.2183,121.4354
42725,26,75.0,54.0,43.0,5.800000000000001,31.2785,121.4508,31.2555,121.4475
12956,26,27.0,17.0,30.0,4.0,31.224,121.4771,31.2191,121.4729
3984,26,45.0,44.0,33.0,4.6,31.2404,121.4583,31.245,121.4475
18801,26,31.0,40.0,31.0,4.4,31.234,121.4145,31.2426,121.4082
11347,26,77.0,88.0,36.0,4.3,31.2747,121.4778,31.2836,121.4894
17608,26,12.0,11.0,35.0,4.9,31.2187,121.4298,31.2177,121.4135
32327,26,88.0,87.0,36.0,4.8,31.2827,121.4884,31.2852,121.4701
26426,26,12.0,12.0,26.0,3.3000000000000003,31.2117,121.4299,31.21,121.4298
10868,27,4.0,14.0,36.0,5.0,31.2035,121.4468,31.2173,121.4404
12933,27,67.0,66.0,30.0,3.9,31.2624,121.4722,31.2632,121.4643
23474,27,11.0,31.0,43.0,5.2,31.2104,121.4115,31.2341,121.41
1750,27,24.0,23.0,38.0,5.0,31.2262,121.4479,31.2227,121.4312
20168,27,67.0,58.0,35.0,4.800000000000001,31.2687,121.4721,31.2591,121.4818
29228,27,17.0,27.0,34.0,4.4,31.2193,121.4794,31.2291,121.4751
40287,27,24.0,35.0,36.0,4.699999999999999,31.2213,121.4438,31.2347,121.4549
16147,27,75.0,75.0,30.0,4.1,31.2762,121.457,31.2734,121.4503
32288,27,24.0,23.0,33.0,4.7,31.2259,121.45,31.2289,121.436
28396,28,17.0,17.0,27.0,3.8,31.2138,121.4771,31.2132,121.4708
18107,28,75.0,75.0,26.0,4.0,31.2793,121.4593,31.2778,121.4539
28977,28,25.0,24.0,33.0,4.1,31.2294,121.4534,31.228,121.4429
32854,28,35.0,23.0,41.0,5.2,31.2325,121.4592,31.2285,121.4337
33084,28,35.0,25.0,32.0,4.5,31.2335,121.4565,31.2257,121.4554
4697,28,75.0,85.0,35.0,4.4,31.2723,121.4598,31.2841,121.4565
10129,28,32.0,32.0,24.0,3.9,31.2337,121.4227,31.2353,121.4226
3122,28,67.0,57.0,30.0,3.6,31.2624,121.4722,31.2585,121.4783
1365,28,75.0,42.0,58.0,7.000000000000001,31.2799,121.4582,31.2498,121.4246
14221,28,75.0,54.0,45.0,5.3,31.2723,121.4598,31.2541,121.4413
1436,29,25.0,15.0,36.0,4.5,31.2293,121.4595,31.2183,121.4552
42805,29,56.0,56.0,23.0,3.2,31.2529,121.4646,31.251,121.4658
13309,29,71.0,50.0,40.0,5.6,31.2703,121.4101,31.2502,121.4042
27536,29,56.0,56.0,26.0,3.8,31.2513,121.4694,31.2503,121.4635
20205,29,25.0,25.0,31.0,4.6,31.2205,121.4529,31.23,121.4597
38928,29,0.0,0.0,29.0,3.9,31.2055,121.4005,31.2079,121.4093
37442,29,22.0,14.0,44.0,5.2,31.2268,121.4202,31.2158,121.441
42775,29,76.0,75.0,33.0,4.9,31.2759,121.4696,31.2784,121.456
42510,29,33.0,32.0,31.0,4.0,31.2312,121.4394,31.2323,121.4287
33425,29,75.0,43.0,48.0,6.000000000000001,31.2743,121.4511,31.2472,121.4374
892,29,17.0,38.0,42.0,5.0,31.2193,121.4794,31.2365,121.4891
35548,29,11.0,31.0,44.0,5.2,31.2124,121.4159,31.2328,121.4188
16598,29,25.0,36.0,33.0,4.7,31.2265,121.4529,31.2319,121.4645
28089,30,27.0,37.0,37.0,4.800000000000001,31.225,121.4778,31.2375,121.4715
21233,30,88.0,89.0,28.0,4.2,31.2827,121.4884,31.2829,121.4946
22322,30,23.0,14.0,37.0,4.9,31.2256,121.438,31.2101,121.4435
30978,30,75.0,75.0,31.0,4.1,31.2795,121.4575,31.2724,121.4532
41869,30,25.0,35.0,35.0,4.7,31.2222,121.4568,31.235,121.4503
29831,30,66.0,56.0,36.0,4.6000000000000005,31.2688,121.4678,31.2563,121.4656
3853,30,0.0,2.0,42.0,5.0,31.2088,121.4077,31.2084,121.4296
41249,30,75.0,43.0,58.0,6.9,31.2778,121.4518,31.24,121.4373
34288,30,38.0,48.0,28.0,4.2,31.2358,121.4878,31.2433,121.4874
10321,30,17.0,17.0,31.0,4.2,31.2193,121.4794,31.2128,121.4704
24716,30,24.0,13.0,37.0,4.9,31.2233,121.4449,31.2113,121.4352
23340,30,46.0,46.0,26.0,3.5,31.2431,121.462,31.2414,121.4622
22127,30,8.0,8.0,26.0,4.1,31.2063,121.4817,31.2098,121.4821
23064,30,12.0,12.0,28.0,3.7,31.2102,121.4286,31.2139,121.4288
37719,30,33.0,33.0,28.0,3.6,31.2305,121.4318,31.2365,121.433
44384,31,49.0,59.0,32.0,4.5,31.2428,121.4969,31.2551,121.4977
19601,31,47.0,46.0,36.0,4.9,31.2432,121.4784,31.2452,121.4602
34973,31,45.0,47.0,43.0,5.3,31.2406,121.4512,31.2461,121.4786
23846,31,49.0,49.0,26.0,3.7,31.2428,121.4969,31.248,121.4952
18049,31,17.0,38.0,48.0,5.699999999999999,31.2116,121.4789,31.2389,121.486
30379,31,35.0,45.0,35.0,4.7,31.2335,121.4565,31.2468,121.4531
16292,31,35.0,26.0,39.0,5.199999999999999,31.2397,121.4545,31.2231,121.4602
31422,31,6.0,6.0,31.0,4.0,31.2079,121.4604,31.2001,121.4691
45648,31,35.0,45.0,37.0,4.699999999999999,31.2343,121.4579,31.25,121.4549
21285,31,56.0,56.0,24.0,3.8,31.2516,121.4647,31.2516,121.4624
28267,31,24.0,14.0,29.0,3.8,31.2246,121.4457,31.2184,121.4487
22842,31,56.0,46.0,29.0,4.2,31.2543,121.464,31.2471,121.4646
7302,31,26.0,26.0,26.0,3.9,31.2236,121.4662,31.2235,121.4661
17690,31,25.0,14.0,36.0,4.2,31.2222,121.4568,31.2195,121.4416
27894,31,6.0,16.0,31.0,4.5,31.2058,121.4657,31.2125,121.4686
13846,31,49.0,59.0,33.0,4.5,31.2428,121.4969,31.2512,121.4911
3198,31,11.0,10.0,33.0,4.5,31.2162,121.419,31.2192,121.4041
26527,32,45.0,34.0,36.0,5.1000000000000005,31.2474,121.4578,31.2397,121.4418
7217,32,12.0,22.0,27.0,4.0,31.2157,121.4284,31.2208,121.4248
38044,32,11.0,2.0,30.0,4.1,31.2104,121.4115,31.2099,121.4221
20090,32,18.0,28.0,37.0,4.9,31.2134,121.4872,31.2283,121.4891
41987,32,36.0,48.0,51.0,5.9,31.2302,121.4612,31.2496,121.4869
11890,32,59.0,79.0,40.0,5.5,31.2543,121.4919,31.2735,121.4905
4854,32,37.0,26.0,34.0,4.2,31.2307,121.4767,31.2216,121.4674
36246,32,47.0,36.0,36.0,5.199999999999999,31.2432,121.4784,31.2309,121.4648
33548,32,58.0,48.0,24.0,3.5,31.2503,121.4823,31.2494,121.4871
12136,32,10.0,0.0,32.0,4.4,31.2115,121.4025,31.2001,121.4035
37755,32,12.0,22.0,38.0,5.1,31.2135,121.4231,31.2291,121.4268
1672,32,31.0,41.0,38.0,4.9,31.2303,121.4199,31.249,121.4182
22827,32,75.0,74.0,35.0,4.4,31.2709,121.4555,31.2738,121.44
26740,32,17.0,17.0,29.0,4.0,31.2116,121.4789,31.2194,121.4788
10017,32,24.0,24.0,29.0,4.2,31.2213,121.4438,31.2286,121.4424
30818,32,24.0,35.0,36.0,4.4,31.2276,121.4402,31.2323,121.4541
23696,32,17.0,27.0,36.0,5.0,31.2116,121.4789,31.2269,121.4785
44993,32,15.0,24.0,33.0,4.6000000000000005,31.2152,121.455,31.227,121.4474
15924,32,6.0,5.0,27.0,4.0,31.2051,121.4621,31.2023,121.457
31959,32,33.0,24.0,35.0,4.5,31.23,121.4355,31.2217,121.4463
15632,32,35.0,35.0,27.0,3.8,31.2361,121.4527,31.2327,121.4556
499,32,75.0,86.0,38.0,5.0,31.2743,121.4511,31.2863,121.4625
19124,33,18.0,28.0,32.0,4.6,31.216,121.4829,31.2259,121.4805
1099,33,44.0,14.0,51.0,6.2,31.2467,121.4406,31.2136,121.4421
8846,33,25.0,25.0,24.0,3.4,31.2254,121.4586,31.2214,121.4566
36659,33,75.0,55.0,40.0,5.1,31.2772,121.453,31.2597,121.4583
41850,33,24.0,13.0,37.0,4.9,31.2252,121.4493,31.217,121.4342
33504,33,35.0,55.0,34.0,4.5,31.24,121.4575,31.2527,121.4573
6936,33,22.0,44.0,47.0,5.8,31.2223,121.4209,31.241,121.4447
9916,33,35.0,35.0,31.0,4.5,31.2334,121.4519,31.2317,121.4598
4678,33,76.0,75.0,37.0,4.4,31.2759,121.4696,31.2787,121.4526
16218,33,58.0,49.0,39.0,4.9,31.2571,121.4841,31.2418,121.4952
43350,33,31.0,11.0,38.0,4.6,31.236,121.4163,31.2188,121.4173
22032,33,27.0,27.0,26.0,4.3,31.2243,121.4731,31.226,121.4793
19847,33,43.0,42.0,31.0,3.8,31.2434,121.4352,31.2471,121.4261
3303,33,68.0,78.0,34.0,5.0,31.2623,121.4815,31.2763,121.4889
6596,33,49.0,49.0,30.0,3.8,31.2428,121.4969,31.2484,121.4971
4979,33,33.0,44.0,37.0,4.800000000000001,31.23,121.4355,31.2407,121.4471
2161,33,44.0,43.0,28.0,3.4,31.2437,121.4403,31.2442,121.4373
2787,33,75.0,86.0,38.0,5.1,31.2781,121.4502,31.2843,121.4696
6106,33,11.0,21.0,31.0,4.1,31.213,121.4198,31.2203,121.4173
33672,33,56.0,45.0,36.0,4.6000000000000005,31.2514,121.4666,31.2449,121.4519
10736,33,69.0,49.0,32.0,4.800000000000001,31.2611,121.4985,31.2499,121.4951
24408,33,13.0,14.0,37.0,4.8,31.2138,121.4308,31.2179,121.4497
16,33,11.0,11.0,26.0,3.8,31.2154,121.4175,31.2139,121.4196
8132,33,56.0,45.0,38.0,4.9,31.2571,121.4627,31.2401,121.4517
44050,33,84.0,94.0,24.0,4.0,31.2883,121.4429,31.29,121.4459
44095,33,7.0,15.0,44.0,5.5,31.2032,121.4777,31.2164,121.4569
17972,33,48.0,48.0,23.0,3.4000000000000004,31.2465,121.4877,31.2477,121.4885
45128,33,23.0,24.0,26.0,3.6,31.2282,121.4351,31.2253,121.4421
39078,33,75.0,75.0,29.0,4.1,31.2778,121.4566,31.2716,121.4561
28742,33,76.0,87.0,40.0,5.5,31.2733,121.4612,31.2864,121.477
13020,34,24.0,25.0,31.0,4.1,31.2266,121.4427,31.2206,121.4537
37043,34,18.0,28.0,27.0,3.7,31.219,121.4885,31.223,121.4893
24138,34,24.0,35.0,33.0,4.7,31.2278,121.4445,31.2316,121.4577
37332,34,77.0,87.0,34.0,4.6,31.2735,121.4759,31.284,121.4786
32745,34,18.0,8.0,33.0,4.2,31.2167,121.4811,31.2081,121.486
22879,34,36.0,24.0,41.0,4.8,31.2334,121.4664,31.2269,121.4447
10105,34,25.0,23.0,32.0,4.6,31.2255,121.4508,31.2236,121.4385
41073,34,84.0,75.0,37.0,4.4,31.2883,121.4429,31.2765,121.451
808,34,12.0,13.0,40.0,5.0,31.22,121.4211,31.2138,121.4398
28009,34,43.0,44.0,30.0,4.3,31.2448,121.434,31.2411,121.4461
33673,34,56.0,45.0,34.0,4.5,31.2529,121.4646,31.2411,121.459
26723,34,36.0,38.0,32.0,4.2,31.2334,121.4664,31.2346,121.481
32481,34,69.0,57.0,40.0,5.3,31.2619,121.4929,31.2506,121.4724
1802,34,24.0,25.0,32.0,3.8,31.2275,121.4445,31.2223,121.4513
1943,34,69.0,57.0,38.0,5.1000000000000005,31.2618,121.4906,31.2591,121.4735
13837,34,88.0,88.0,30.0,4.2,31.2876,121.4881,31.2847,121.4804
40133,34,75.0,54.0,44.0,5.4,31.279,121.4546,31.2546,121.448
25880,34,44.0,54.0,40.0,5.0,31.2415,121.4448,31.2585,121.4494
17349,34,18.0,9.0,38.0,4.5,31.2173,121.4813,31.2047,121.492
12740,34,43.0,44.0,29.0,4.1,31.2427,121.4365,31.2459,121.4463
30967,34,45.0,36.0,36.0,4.5,31.2406,121.4512,31.2381,121.4687
10572,34,11.0,11.0,26.0,3.8,31.2152,121.4171,31.2193,121.4178
28289,34,24.0,25.0,25.0,3.6,31.2252,121.4493,31.226,121.4502
11508,34,75.0,40.0,68.0,7.800000000000001,31.2779,121.4523,31.2416,121.4083
16108,34,77.0,66.0,44.0,5.4,31.2784,121.4785,31.2622,121.4611
16199,34,34.0,34.0,30.0,3.6,31.236,121.4469,31.2308,121.4419
32866,34,27.0,28.0,36.0,5.1000000000000005,31.2226,121.4737,31.2221,121.4898
14936,34,24.0,14.0,31.0,4.1,31.2291,121.4439,31.2191,121.4477
29069,34,11.0,22.0,34.0,4.9,31.2138,121.42,31.2259,121.4222
37003,34,31.0,12.0,41.0,5.6,31.2335,121.4105,31.2167,121.4244
43804,35,34.0,24.0,30.0,4.1,31.2316,121.4431,31.2266,121.4444
951,35,58.0,49.0,41.0,5.7,31.26,121.486,31.2421,121.4998
6921,35,24.0,13.0,34.0,4.9,31.2296,121.4403,31.2189,121.4337
29007,35,47.0,38.0,36.0,4.4,31.2475,121.4724,31.2376,121.4823
15692,35,58.0,69.0,29.0,4.5,31.2571,121.4841,31.2612,121.4909
18918,35,31.0,31.0,26.0,4.1,31.2323,121.4107,31.2347,121.4174
15610,35,25.0,45.0,38.0,5.4,31.2283,121.4558,31.2474,121.4581
26773,35,75.0,65.0,35.0,4.6000000000000005,31.2743,121.4511,31.2605,121.4516
39728,35,75.0,85.0,38.0,5.0,31.2704,121.4515,31.2857,121.459
24204,35,32.0,22.0,29.0,4.1,31.2337,121.4227,31.2296,121.4299
5690,35,44.0,34.0,38.0,4.6000000000000005,31.2448,121.4493,31.2303,121.4438
6350,35,24.0,25.0,33.0,4.1,31.2291,121.4439,31.2254,121.4553
32977,35,24.0,14.0,38.0,4.5,31.2254,121.4403,31.2111,121.4475
43263,35,6.0,6.0,28.0,4.4,31.2051,121.4621,31.2022,121.47
45227,35,86.0,89.0,50.0,5.9,31.2821,121.4615,31.2841,121.4949
16448,35,72.0,72.0,29.0,4.3,31.2758,121.421,31.2794,121.4281
23848,35,49.0,38.0,33.0,4.4,31.2428,121.4969,31.2365,121.4888
39117,35,49.0,38.0,36.0,5.1000000000000005,31.2428,121.4969,31.2359,121.4822
5004,35,27.0,18.0,41.0,5.2,31.2298,121.4761,31.2116,121.4887
5167,35,7.0,27.0,43.0,5.6000000000000005,31.202,121.48,31.2263,121.4784
32395,35,24.0,44.0,43.0,5.1,31.2267,121.4488,31.249,121.4482
27720,35,95.0,93.0,36.0,4.6000000000000005,31.2984,121.4545,31.2942,121.4369
40539,35,15.0,15.0,24.0,3.6,31.2148,121.4546,31.2151,121.4594
24559,35,27.0,27.0,32.0,4.0,31.2267,121.4772,31.22,121.4708
41777,35,17.0,6.0,42.0,5.4,31.2193,121.4794,31.2074,121.4607
7033,35,17.0,38.0,44.0,5.7,31.2108,121.4719,31.2321,121.4809
39443,35,47.0,45.0,36.0,5.0,31.2428,121.4735,31.2462,121.458
42151,35,6.0,27.0,46.0,5.4,31.204,121.4664,31.2295,121.4746
12419,35,88.0,98.0,32.0,4.1,31.2808,121.4868,31.2907,121.481
15189,35,6.0,8.0,43.0,5.4,31.2079,121.4604,31.206,121.4874
24823,35,74.0,74.0,26.0,3.9,31.2728,121.4429,31.2703,121.4447
32821,35,99.0,99.0,26.0,3.5,31.2929,121.4992,31.2923,121.4959
45599,35,13.0,14.0,35.0,4.6000000000000005,31.2104,121.4345,31.2187,121.4447
28593,35,24.0,24.0,26.0,3.5,31.2278,121.4445,31.2293,121.4461
28468,35,24.0,34.0,38.0,5.1,31.2216,121.4493,31.2395,121.4455
12680,35,46.0,56.0,30.0,4.3,31.2447,121.4684,31.2502,121.4617
39215,35,25.0,36.0,35.0,4.7,31.2245,121.4593,31.236,121.4625
11992,35,34.0,34.0,23.0,3.7,31.236,121.4469,31.2372,121.4489
34088,35,11.0,12.0,28.0,3.5,31.215,121.4193,31.2186,121.4213
5322,36,17.0,16.0,28.0,4.3,31.2108,121.4719,31.2124,121.4649
31730,36,22.0,22.0,26.0,3.8,31.2266,121.4273,31.2294,121.4235
6426,36,18.0,27.0,34.0,4.4,31.2194,121.4891,31.2251,121.4752
8624,36,27.0,37.0,35.0,4.7,31.2243,121.4731,31.2375,121.47
3367,36,75.0,76.0,33.0,4.7,31.2785,121.4508,31.2797,121.4651
20591,36,17.0,16.0,27.0,4.2,31.2144,121.4709,31.2105,121.4656
43969,36,27.0,7.0,44.0,5.800000000000001,31.2245,121.4766,31.201,121.4757
30007,36,47.0,48.0,36.0,4.800000000000001,31.2482,121.4705,31.24,121.4852
42279,36,25.0,27.0,35.0,4.9,31.2211,121.4565,31.2238,121.4746
21782,36,32.0,23.0,34.0,4.7,31.2397,121.4253,31.2266,121.4323
29355,36,77.0,78.0,34.0,4.6,31.2718,121.4719,31.273,121.4836
42381,36,36.0,26.0,28.0,3.9,31.2334,121.4664,31.2283,121.4687
45706,36,0.0,2.0,45.0,5.2,31.2055,121.4005,31.2079,121.4291
18287,36,67.0,58.0,32.0,4.3,31.262,121.475,31.257,121.4884
17402,36,99.0,89.0,30.0,4.0,31.2929,121.4992,31.2858,121.4918
7291,36,38.0,37.0,36.0,4.9,31.2358,121.4878,31.2349,121.4733
33540,36,24.0,25.0,30.0,4.2,31.2258,121.4479,31.2212,121.4555
32556,36,31.0,11.0,42.0,5.2,31.236,121.4163,31.2138,121.414
36909,36,25.0,35.0,33.0,4.0,31.2253,121.4583,31.2342,121.4544
23694,36,75.0,76.0,35.0,4.7,31.2767,121.45,31.2742,121.4679
43368,36,11.0,1.0,29.0,4.0,31.2159,121.416,31.2087,121.4133
45302,36,31.0,31.0,27.0,3.7,31.2392,121.4189,31.2364,121.4128
36196,36,22.0,31.0,31.0,4.7,31.229,121.4257,31.233,121.4145
13792,36,35.0,26.0,39.0,5.1,31.2378,121.4568,31.2243,121.4686
37817,36,44.0,44.0,28.0,3.8,31.2441,121.4404,31.2401,121.4483
36558,36,45.0,46.0,33.0,4.800000000000001,31.2427,121.4573,31.2489,121.4684
42228,36,36.0,45.0,30.0,4.2,31.238,121.4646,31.2413,121.4528
20047,36,56.0,46.0,36.0,4.2,31.2543,121.464,31.2427,121.4674
11073,36,67.0,68.0,34.0,4.1,31.2687,121.4721,31.2621,121.48
40065,36,56.0,45.0,29.0,4.4,31.2507,121.4667,31.2467,121.4579
13931,36,31.0,31.0,24.0,4.1,31.2359,121.4171,31.2341,121.4199
939,36,15.0,27.0,42.0,5.5,31.2152,121.455,31.2257,121.4727
13706,36,25.0,14.0,34.0,4.7,31.221,121.4568,31.2151,121.4439
26003,36,38.0,37.0,31.0,4.6,31.2381,121.4852,31.2378,121.4737
41610,36,67.0,67.0,28.0,4.2,31.262,121.475,31.2653,121.4712
1037,36,15.0,26.0,36.0,4.8,31.2146,121.4536,31.2267,121.4666
16024,36,7.0,29.0,45.0,5.5,31.202,121.48,31.2226,121.4912
27114,36,36.0,26.0,28.0,4.0,31.2302,121.4612,31.2236,121.4673
39162,36,27.0,37.0,39.0,5.1,31.2226,121.4737,31.2387,121.4788
30880,36,36.0,45.0,38.0,5.3,31.2334,121.4664,31.2408,121.4501
25237,36,45.0,45.0,25.0,3.6,31.2468,121.4578,31.2488,121.458
33280,36,68.0,68.0,30.0,3.8,31.2668,121.489,31.26,121.4853
12691,36,1.0,2.0,30.0,4.5,31.208,121.4187,31.2094,121.4295
38741,36,27.0,28.0,32.0,4.1,31.2243,121.4731,31.2231,121.4856
45793,36,15.0,16.0,33.0,4.5,31.2148,121.4546,31.2119,121.4682
29416,36,43.0,33.0,32.0,4.800000000000001,31.244,121.432,31.2337,121.4378
33788,36,18.0,8.0,28.0,4.3,31.2153,121.4892,31.2097,121.481
6507,37,11.0,0.0,37.0,4.4,31.2197,121.4108,31.2049,121.41
12393,37,57.0,78.0,43.0,5.1,31.2555,121.4761,31.276,121.4858
5483,37,12.0,13.0,34.0,4.7,31.2102,121.4286,31.2192,121.4379
39820,37,2.0,2.0,30.0,4.1,31.205,121.4216,31.205,121.4277
21164,37,57.0,49.0,43.0,5.9,31.2553,121.4754,31.2413,121.4986
4682,37,15.0,24.0,37.0,4.9,31.2146,121.4536,31.2254,121.4439
22318,37,24.0,24.0,30.0,4.1,31.2265,121.447,31.2212,121.4466
37305,37,48.0,68.0,42.0,4.9,31.2459,121.4837,31.265,121.4844
18099,37,38.0,38.0,26.0,3.7,31.2358,121.4878,31.2339,121.4861
19017,37,38.0,48.0,36.0,4.9,31.232,121.4862,31.2455,121.482
44564,37,61.0,70.0,34.0,4.4,31.2635,121.4193,31.2711,121.4072
43244,37,27.0,27.0,27.0,4.2,31.222,121.4722,31.2251,121.4773
2755,37,26.0,15.0,38.0,5.199999999999999,31.2277,121.4674,31.2127,121.4565
32578,37,45.0,45.0,28.0,4.1,31.2405,121.4593,31.2424,121.4507
38114,37,45.0,36.0,34.0,5.0,31.2474,121.4578,31.2324,121.4621
34864,37,22.0,24.0,36.0,4.699999999999999,31.229,121.4257,31.2261,121.4459
29695,37,15.0,7.0,42.0,5.5,31.211,121.4567,31.202,121.4791
30360,37,24.0,24.0,27.0,3.9,31.2229,121.4434,31.2252,121.4484
35220,37,15.0,24.0,31.0,4.5,31.2146,121.4536,31.2237,121.4499
22389,37,22.0,13.0,36.0,4.4,31.2268,121.4202,31.2179,121.4348
40317,37,28.0,29.0,31.0,4.2,31.226,121.4812,31.2205,121.4902
27394,37,7.0,8.0,27.0,3.9,31.202,121.48,31.2042,121.4855
21645,37,25.0,35.0,30.0,4.0,31.2253,121.4583,31.23,121.4516
25645,37,48.0,58.0,32.0,4.5,31.2465,121.4877,31.2534,121.4845
25817,37,27.0,27.0,24.0,3.5,31.2243,121.4731,31.2264,121.4776
845,37,24.0,35.0,38.0,4.5,31.2262,121.4419,31.2376,121.4511
28217,37,24.0,44.0,45.0,5.9,31.2203,121.4462,31.2443,121.4468
37596,37,11.0,11.0,26.0,3.9,31.21,121.4144,31.2108,121.4165
28220,37,24.0,44.0,38.0,5.0,31.2258,121.4479,31.2421,121.4466
227,37,35.0,45.0,30.0,4.0,31.2376,121.4554,31.2456,121.4507
16582,37,35.0,35.0,31.0,4.7,31.2399,121.4559,31.2301,121.451
17795,37,31.0,41.0,27.0,3.6,31.236,121.4187,31.2407,121.4154
21976,37,25.0,27.0,41.0,5.1,31.2283,121.4558,31.2224,121.4788
17130,37,11.0,11.0,26.0,3.8,31.2141,121.4105,31.2111,121.412
24551,37,2.0,2.0,29.0,4.3,31.2003,121.42,31.2019,121.4255
13487,37,33.0,13.0,36.0,4.699999999999999,31.2305,121.4318,31.2139,121.4386
14604,37,11.0,0.0,37.0,4.5,31.2138,121.4194,31.2036,121.409
14426,37,15.0,7.0,38.0,5.3,31.2148,121.4546,31.205,121.4727
31315,37,18.0,16.0,36.0,4.4,31.216,121.4829,31.2197,121.4691
7198,37,13.0,1.0,39.0,5.3,31.2106,121.4369,31.209,121.4158
15261,37,58.0,58.0,28.0,4.0,31.2504,121.4808,31.2565,121.4869
13180,37,69.0,69.0,25.0,3.7,31.2671,121.4972,31.2678,121.4989
39315,37,35.0,24.0,39.0,5.0,31.2309,121.459,31.2211,121.4416
29559,38,0.0,0.0,34.0,4.0,31.2088,121.4077,31.2009,121.4002
15864,38,31.0,40.0,41.0,5.3,31.2303,121.4199,31.2404,121.4008
28864,38,71.0,61.0,28.0,3.6,31.2721,121.412,31.2692,121.4131
43118,38,11.0,11.0,30.0,4.3,31.2186,121.4122,31.211,121.4118
18526,38,24.0,44.0,46.0,5.9,31.2234,121.4445,31.2462,121.4492
7964,38,35.0,24.0,37.0,4.699999999999999,31.2309,121.459,31.2226,121.4431
692,38,27.0,28.0,31.0,4.3,31.2245,121.4766,31.2224,121.4881
35193,38,12.0,3.0,31.0,4.5,31.2117,121.4299,31.2032,121.4336
45554,38,6.0,17.0,34.0,4.4,31.2058,121.4657,31.2117,121.4747
8538,38,75.0,54.0,42.0,5.4,31.2779,121.4523,31.2563,121.4467
40291,38,24.0,14.0,26.0,4.1,31.2203,121.4462,31.2155,121.4493
25958,38,24.0,15.0,35.0,4.7,31.2246,121.4457,31.2167,121.4566
15961,38,27.0,28.0,30.0,4.3,31.224,121.4771,31.2242,121.4865
33721,38,18.0,18.0,27.0,3.8,31.219,121.4885,31.2171,121.4824
26696,38,27.0,27.0,25.0,3.6,31.225,121.4778,31.2264,121.4753
16734,38,68.0,49.0,40.0,4.699999999999999,31.2626,121.4855,31.248,121.4969
10008,38,15.0,15.0,26.0,3.8,31.2146,121.4536,31.217,121.4541
17751,38,94.0,93.0,34.0,4.7,31.2977,121.4402,31.2944,121.4304
40395,38,22.0,42.0,37.0,5.0,31.2237,121.4242,31.241,121.4237
30531,38,58.0,58.0,29.0,3.9,31.258,121.4878,31.252,121.4847
43919,38,75.0,50.0,65.0,7.800000000000001,31.275,121.4573,31.254,121.4086
32471,38,25.0,36.0,38.0,5.199999999999999,31.226,121.4521,31.2372,121.4651
27162,38,11.0,1.0,33.0,4.2,31.2187,121.4147,31.2086,121.4155
25015,38,24.0,14.0,32.0,4.2,31.2233,121.4449,31.2115,121.4409
31549,38,21.0,0.0,42.0,5.6,31.2209,121.4134,31.2014,121.4063
7993,38,85.0,63.0,44.0,5.800000000000001,31.2814,121.4541,31.2689,121.43
14411,38,38.0,48.0,29.0,3.9,31.2381,121.4852,31.2464,121.4882
30378,38,35.0,35.0,25.0,3.4,31.2397,121.4546,31.238,121.4578
468,38,71.0,61.0,26.0,4.0,31.2747,121.4126,31.2688,121.4154
27967,38,47.0,49.0,34.0,4.7,31.2432,121.4784,31.2444,121.4907
875,38,36.0,45.0,39.0,5.5,31.2311,121.4614,31.2485,121.4523
27633,38,11.0,0.0,35.0,4.9,31.215,121.4193,31.2063,121.4073
24361,38,57.0,56.0,28.0,4.5,31.2549,121.4759,31.2585,121.4684
13560,38,7.0,6.0,37.0,4.6000000000000005,31.202,121.48,31.2092,121.4644
7972,38,35.0,24.0,32.0,4.7,31.2343,121.4579,31.2284,121.4482
33720,38,18.0,27.0,30.0,4.0,31.2137,121.4818,31.2228,121.4789
18691,38,27.0,28.0,28.0,4.3,31.225,121.4778,31.2245,121.4877
30750,38,45.0,55.0,32.0,4.9,31.2404,121.4583,31.2516,121.455
41965,38,27.0,27.0,28.0,3.5,31.224,121.4771,31.2264,121.4746
22271,38,33.0,32.0,35.0,4.7,31.2332,121.4394,31.237,121.4243
26792,38,45.0,45.0,30.0,4.1,31.2405,121.4541,31.2458,121.456
43236,38,47.0,49.0,35.0,4.5,31.2432,121.4784,31.2473,121.4924
25311,38,24.0,15.0,30.0,4.4,31.2259,121.45,31.2185,121.4591
15103,38,25.0,37.0,45.0,5.7,31.2285,121.4504,31.2322,121.4769
25052,38,71.0,72.0,32.0,4.6000000000000005,31.2727,121.4137,31.2733,121.4274
6989,38,24.0,33.0,39.0,4.8,31.2235,121.4481,31.2398,121.4395
43859,38,24.0,24.0,29.0,4.1,31.2213,121.4438,31.2279,121.4449
27849,38,11.0,11.0,28.0,3.8,31.2174,121.4163,31.2197,121.4143
5843,38,76.0,75.0,28.0,4.2,31.2732,121.4619,31.2759,121.457
25856,38,34.0,24.0,32.0,3.8,31.2329,121.4453,31.2249,121.4463
12005,38,95.0,96.0,32.0,4.1,31.2984,121.4545,31.2997,121.4654
1198,38,7.0,17.0,34.0,4.6000000000000005,31.2032,121.4777,31.2166,121.4786
45393,38,11.0,2.0,38.0,5.0,31.2158,121.4142,31.2095,121.4296
20130,39,45.0,27.0,50.0,5.699999999999999,31.2495,121.4592,31.2252,121.4739
18591,39,35.0,26.0,42.0,5.0,31.2383,121.459,31.2208,121.4665
18436,39,45.0,45.0,28.0,3.7,31.2404,121.4583,31.2422,121.4524
11294,39,13.0,23.0,32.0,4.7,31.2102,121.4391,31.2203,121.4382
43465,39,44.0,34.0,30.0,3.8,31.2415,121.4448,31.2338,121.4455
19080,39,24.0,34.0,41.0,4.8,31.2203,121.4462,31.2385,121.4406
1077,39,12.0,0.0,43.0,5.4,31.2102,121.4286,31.2096,121.4001
20605,39,38.0,38.0,25.0,3.4,31.232,121.4862,31.2346,121.4841
11718,39,7.0,19.0,44.0,5.4,31.202,121.48,31.2136,121.4994
41178,39,45.0,45.0,26.0,4.0,31.2431,121.4578,31.2478,121.453
33048,39,12.0,12.0,29.0,4.3,31.2135,121.4231,31.2179,121.4211
9975,39,6.0,6.0,29.0,4.1,31.2079,121.4604,31.207,121.4661
1301,39,35.0,45.0,37.0,4.5,31.2343,121.4579,31.2468,121.4518
30281,39,68.0,68.0,31.0,4.4,31.2668,121.489,31.2681,121.4803
28196,39,44.0,34.0,31.0,4.4,31.2444,121.4465,31.2346,121.4472
43590,39,35.0,15.0,40.0,5.5,31.2375,121.4595,31.2161,121.4574
28362,39,24.0,25.0,33.0,4.3,31.2204,121.4481,31.2285,121.4562
42685,39,35.0,36.0,28.0,4.2,31.2343,121.4579,31.2372,121.463
14345,39,45.0,45.0,27.0,3.4,31.2435,121.4538,31.2461,121.4538
30699,39,25.0,13.0,40.0,5.4,31.2294,121.4534,31.2175,121.4356
41269,39,6.0,17.0,36.0,4.9,31.2075,121.4653,31.2197,121.4718
3167,39,45.0,45.0,25.0,3.5,31.2431,121.4578,31.2433,121.4566
4481,39,58.0,49.0,34.0,4.0,31.252,121.486,31.2478,121.4964
2139,39,77.0,58.0,41.0,5.5,31.276,121.4724,31.2573,121.4819
31498,39,7.0,28.0,44.0,5.4,31.2025,121.4797,31.2279,121.4811
26390,39,25.0,25.0,30.0,4.1,31.2284,121.4592,31.2264,121.4527
3811,39,24.0,34.0,27.0,3.5,31.2278,121.4445,31.2308,121.4449
44178,39,77.0,75.0,37.0,5.0,31.2769,121.4718,31.277,121.4534
37952,39,66.0,77.0,38.0,5.2,31.2641,121.4606,31.278,121.477
5114,39,24.0,27.0,48.0,6.1,31.225,121.4473,31.2226,121.4793
32988,39,24.0,24.0,28.0,4.2,31.2265,121.447,31.225,121.4412
44898,39,58.0,58.0,30.0,3.9,31.2503,121.4823,31.2561,121.4883
7380,39,67.0,77.0,34.0,5.0,31.262,121.475,31.2768,121.4719
43623,39,35.0,45.0,26.0,3.8,31.2376,121.4554,31.2421,121.452
32633,39,22.0,13.0,30.0,4.1,31.2216,121.4241,31.2133,121.4327
13085,39,35.0,45.0,28.0,4.5,31.2375,121.4595,31.2442,121.4565
5411,39,97.0,95.0,37.0,4.7,31.293,121.47,31.2919,121.4528
17824,39,57.0,49.0,39.0,5.5,31.2549,121.4759,31.2441,121.4933
39960,39,68.0,77.0,32.0,4.4,31.2623,121.4815,31.2732,121.4788
14790,39,57.0,48.0,37.0,5.199999999999999,31.2519,121.4721,31.2437,121.4881
41200,39,11.0,2.0,35.0,4.4,31.2154,121.4175,31.2063,121.43
25039,39,68.0,67.0,33.0,4.0,31.2626,121.4855,31.2608,121.4733
3956,39,24.0,34.0,34.0,4.4,31.2296,121.4403,31.238,121.4477
27278,39,44.0,44.0,29.0,3.9,31.2458,121.4456,31.2499,121.4401
39944,39,1.0,2.0,28.0,4.2,31.208,121.4187,31.2086,121.4264
13943,39,45.0,45.0,26.0,4.1,31.2406,121.4512,31.2429,121.4568
31065,39,0.0,1.0,30.0,4.0,31.2069,121.4074,31.2026,121.4188
23290,39,24.0,24.0,27.0,4.2,31.2266,121.4427,31.2293,121.4498
31584,39,45.0,35.0,22.0,3.5,31.2405,121.4593,31.2399,121.4593
38600,39,44.0,44.0,27.0,4.1,31.2421,121.4471,31.241,121.4411
35439,39,67.0,68.0,32.0,4.3,31.262,121.475,31.2604,121.4855
13762,39,77.0,67.0,30.0,4.5,31.272,121.4726,31.2667,121.4775
6945,40,31.0,31.0,30.0,4.2,31.2321,121.4142,31.2389,121.4104
14135,40,35.0,26.0,37.0,4.9,31.2399,121.4559,31.2278,121.4694
18776,40,11.0,20.0,35.0,4.4,31.2154,121.4175,31.2246,121.4096
44006,40,16.0,15.0,36.0,4.8,31.2163,121.4699,31.212,121.4501
6388,40,12.0,1.0,33.0,4.7,31.2131,121.4294,31.2072,121.4166
5673,40,2.0,12.0,38.0,5.3,31.2003,121.42,31.2179,121.423
13316,40,24.0,24.0,22.0,3.4000000000000004,31.2211,121.4455,31.2207,121.4463
37567,40,18.0,26.0,40.0,5.2,31.2137,121.4818,31.2289,121.4648
18434,40,45.0,45.0,32.0,3.8,31.2495,121.4592,31.2487,121.4512
21958,40,88.0,79.0,24.0,3.4,31.2808,121.4868,31.2786,121.4909
1067,40,0.0,0.0,24.0,3.9,31.2078,121.4007,31.2089,121.4003
30467,40,31.0,23.0,42.0,4.8,31.2321,121.4142,31.2286,121.4358
20943,40,2.0,2.0,28.0,4.0,31.2041,121.425,31.2009,121.4237
40691,40,48.0,58.0,30.0,4.3,31.2425,121.4824,31.2526,121.4835
21385,40,27.0,27.0,25.0,4.0,31.2285,121.4757,31.2294,121.4726
43213,40,0.0,0.0,28.0,4.0,31.2069,121.4074,31.2027,121.4071
24010,40,35.0,25.0,28.0,4.2,31.2317,121.4585,31.2283,121.451
20293,40,96.0,94.0,40.0,4.9,31.2933,121.4639,31.2919,121.4421
21852,40,28.0,27.0,28.0,3.8,31.226,121.4812,31.227,121.4753
32852,40,35.0,44.0,35.0,4.800000000000001,31.2383,121.4529,31.2496,121.4499
11208,40,24.0,24.0,30.0,4.2,31.2211,121.4432,31.2256,121.4428
38479,40,33.0,45.0,44.0,5.1,31.2305,121.4318,31.2423,121.4537
37843,40,36.0,26.0,38.0,4.800000000000001,31.2364,121.469,31.2216,121.4644
6689,40,88.0,79.0,34.0,4.7,31.2827,121.4884,31.2759,121.497
4704,40,75.0,53.0,43.0,5.6000000000000005,31.2734,121.4563,31.2591,121.4338
32932,40,22.0,13.0,41.0,5.0,31.2268,121.4202,31.2108,121.4313
40911,40,99.0,98.0,34.0,4.7,31.2929,121.4992,31.2977,121.4839
30499,40,11.0,11.0,25.0,3.4,31.2186,121.4122,31.22,121.4152
36855,40,48.0,59.0,40.0,4.9,31.2425,121.4824,31.2564,121.4974
44673,40,35.0,26.0,28.0,4.5,31.2309,121.459,31.2284,121.4671
25145,40,35.0,24.0,36.0,4.800000000000001,31.2378,121.4568,31.2258,121.4471
36077,40,2.0,1.0,34.0,4.5,31.2041,121.425,31.2069,121.4141
25263,40,11.0,33.0,50.0,6.500000000000001,31.2109,121.412,31.2362,121.4323
35420,40,0.0,0.0,25.0,3.9,31.2038,121.4068,31.2041,121.4072
36212,40,2.0,2.0,26.0,3.4,31.2036,121.4276,31.2073,121.4295
43544,40,35.0,26.0,35.0,4.9,31.2335,121.4565,31.2228,121.461
28993,40,44.0,53.0,37.0,4.6,31.241,121.448,31.254,121.4353
7188,40,58.0,48.0,38.0,5.2,31.26,121.486,31.2417,121.4857
9870,40,43.0,41.0,37.0,4.6,31.244,121.432,31.2466,121.4132
16811,40,24.0,25.0,32.0,3.8,31.2265,121.447,31.2276,121.4566
20419,40,25.0,35.0,33.0,4.6,31.2253,121.4583,31.234,121.4556
23622,40,26.0,26.0,29.0,4.0,31.2277,121.4674,31.2249,121.4625
2314,40,35.0,44.0,30.0,4.4,31.2356,121.4518,31.2436,121.448
2866,40,15.0,15.0,27.0,3.6,31.211,121.4567,31.213,121.454
39291,40,84.0,93.0,33.0,4.5,31.282,121.4407,31.2941,121.4371
26873,41,28.0,27.0,25.0,3.2,31.226,121.4812,31.2248,121.4796
17978,41,49.0,79.0,49.0,5.9,31.2428,121.4969,31.2712,121.4922
11320,41,2.0,13.0,40.0,5.5,31.2003,121.42,31.2122,121.4376
39583,41,22.0,33.0,38.0,5.0,31.2267,121.4236,31.2368,121.4349
36773,41,6.0,6.0,28.0,4.2,31.2025,121.4695,31.2045,121.4615
40865,41,28.0,5.0,47.0,5.6,31.226,121.4812,31.2064,121.4559
15720,41,31.0,41.0,32.0,4.1,31.2354,121.4196,31.2436,121.4143
41448,41,45.0,26.0,43.0,5.1,31.2435,121.4538,31.2247,121.4661
41948,41,77.0,79.0,39.0,5.0,31.2778,121.4774,31.2757,121.4971
19328,41,49.0,49.0,24.0,4.0,31.244,121.4954,31.2472,121.4937
38348,41,77.0,56.0,44.0,5.5,31.2709,121.4737,31.2517,121.4608
37293,41,94.0,94.0,29.0,4.1,31.2977,121.4402,31.3,121.4459
3563,41,61.0,61.0,26.0,4.1,31.2635,121.4193,31.2662,121.417
36117,41,11.0,11.0,33.0,4.4,31.2102,121.4198,31.2188,121.4114
35570,41,54.0,53.0,33.0,4.0,31.2597,121.4412,31.2507,121.4354
41801,41,28.0,37.0,35.0,4.4,31.228,121.4858,31.2395,121.4749
3851,41,0.0,0.0,30.0,4.1,31.2004,121.403,31.2089,121.4065
11546,41,28.0,29.0,33.0,4.7,31.226,121.4812,31.2255,121.4947
23866,41,35.0,35.0,30.0,4.0,31.2351,121.4544,31.2398,121.4526
6411,41,24.0,24.0,28.0,4.4,31.2258,121.4479,31.223,121.4404
32970,41,11.0,2.0,32.0,4.4,31.2107,121.4101,31.2049,121.4224
11324,41,2.0,13.0,40.0,4.699999999999999,31.2009,121.4216,31.2163,121.4318
12290,41,77.0,67.0,33.0,4.800000000000001,31.2707,121.4788,31.2605,121.4732
32032,41,77.0,77.0,24.0,3.6,31.276,121.4724,31.2724,121.4737
40405,41,43.0,31.0,43.0,5.4,31.2482,121.4385,31.2322,121.4173
45516,41,68.0,79.0,36.0,4.8,31.2644,121.4848,31.2794,121.4961
16294,41,35.0,22.0,53.0,6.0,31.24,121.4575,31.2255,121.4242
28551,41,36.0,27.0,32.0,4.2,31.2334,121.4664,31.2234,121.4718
34493,41,25.0,45.0,43.0,5.800000000000001,31.2218,121.4565,31.246,121.4593
35710,41,17.0,27.0,29.0,3.7,31.2172,121.4782,31.2207,121.4743
9610,41,43.0,45.0,36.0,4.800000000000001,31.2434,121.4352,31.2448,121.4523
43589,41,25.0,15.0,39.0,4.9,31.2296,121.4546,31.2138,121.4585
37294,41,94.0,94.0,24.0,3.8,31.2977,121.4402,31.2999,121.4415
3280,41,75.0,75.0,31.0,4.4,31.2706,121.4532,31.2783,121.4579
14612,41,24.0,15.0,38.0,4.9,31.2296,121.4403,31.2159,121.4567
11128,41,36.0,45.0,34.0,4.7,31.238,121.4646,31.2447,121.4574
36655,41,27.0,27.0,26.0,3.7,31.2298,121.4761,31.2269,121.4782
27610,41,7.0,7.0,27.0,3.8,31.2084,121.474,31.2073,121.478
42627,41,11.0,23.0,45.0,5.800000000000001,31.2109,121.412,31.2275,121.4353
18022,41,25.0,37.0,42.0,5.1,31.2269,121.4582,31.2387,121.4758
15694,41,18.0,17.0,31.0,4.5,31.2129,121.4862,31.2102,121.4769
5173,41,7.0,27.0,36.0,5.0,31.2084,121.474,31.2223,121.4753
7315,41,23.0,13.0,28.0,4.1,31.2221,121.4345,31.218,121.4373
32961,41,24.0,24.0,27.0,3.7,31.2213,121.4438,31.2253,121.4468
1458,41,6.0,16.0,28.0,4.2,31.2098,121.4619,31.215,121.4696
8029,41,26.0,17.0,39.0,5.3,31.2259,121.4688,31.2121,121.4785
6183,41,13.0,13.0,23.0,3.8,31.2165,121.4365,31.2182,121.4357
28699,41,7.0,17.0,38.0,5.1000000000000005,31.202,121.48,31.2155,121.4775
39423,41,45.0,45.0,24.0,4.1,31.2433,121.4554,31.2407,121.4559
7055,42,23.0,33.0,30.0,4.6,31.2256,121.438,31.2344,121.4337
37738,42,45.0,46.0,26.0,4.2,31.2457,121.4558,31.2426,121.4604
19194,42,75.0,65.0,24.0,4.1,31.2714,121.4541,31.2674,121.4518
35108,42,18.0,19.0,33.0,4.7,31.219,121.4885,31.2139,121.4991
5498,42,85.0,85.0,31.0,4.5,31.2831,121.4517,31.287,121.4597
31326,42,36.0,36.0,24.0,3.6,31.238,121.4646,31.2358,121.4619
16193,42,12.0,11.0,36.0,4.5,31.2177,121.4251,31.211,121.4106
24643,42,25.0,26.0,26.0,4.2,31.2218,121.4565,31.226,121.4609
13727,42,44.0,52.0,38.0,4.6,31.2441,121.4404,31.2539,121.4239
5505,42,97.0,96.0,22.0,3.8,31.293,121.47,31.2949,121.4689
18456,42,47.0,47.0,27.0,3.8,31.2475,121.4724,31.2447,121.4711
23025,42,22.0,22.0,31.0,4.0,31.2268,121.4202,31.2275,121.4298
30567,42,23.0,31.0,39.0,5.3,31.2282,121.4351,31.2353,121.4153
45614,42,11.0,11.0,27.0,3.6,31.2158,121.4142,31.2191,121.4106
38748,42,12.0,13.0,26.0,4.1,31.2157,121.4284,31.2119,121.433
1956,42,48.0,58.0,39.0,5.3,31.2425,121.4824,31.2587,121.4834
37057,42,52.0,43.0,36.0,4.8,31.252,121.4206,31.2416,121.4375
6890,42,33.0,33.0,29.0,4.2,31.2349,121.4303,31.2399,121.4359
44986,42,25.0,5.0,42.0,5.0,31.226,121.4521,31.2057,121.4512
22352,42,58.0,67.0,35.0,4.800000000000001,31.2585,121.4861,31.2674,121.4778
42325,42,61.0,70.0,32.0,4.2,31.2651,121.4146,31.2754,121.4048
42669,42,35.0,14.0,45.0,5.7,31.2378,121.4568,31.214,121.4442
3783,42,58.0,58.0,31.0,4.1,31.258,121.4878,31.2507,121.484
44455,42,77.0,77.0,28.0,3.8,31.272,121.4726,31.2781,121.4717
10434,42,12.0,2.0,29.0,4.3,31.2131,121.4294,31.2043,121.4293
27400,42,35.0,14.0,44.0,5.5,31.2343,121.4579,31.2149,121.4411
39457,42,35.0,36.0,28.0,4.0,31.2375,121.4595,31.2304,121.4649
41189,42,2.0,13.0,43.0,5.6000000000000005,31.2003,121.42,31.2175,121.4398
5282,42,1.0,1.0,25.0,4.0,31.209,121.4158,31.2056,121.4153
28899,42,18.0,18.0,29.0,3.9,31.2143,121.4802,31.218,121.4896
16268,42,33.0,25.0,43.0,5.2,31.2346,121.4326,31.224,121.4564
19792,42,37.0,37.0,26.0,3.6,31.2373,121.4751,31.2348,121.4736
35861,42,17.0,37.0,38.0,5.0,31.2144,121.4709,31.2338,121.4719
19854,42,13.0,3.0,22.0,3.9,31.2104,121.4345,31.2091,121.4331
8919,42,35.0,36.0,36.0,4.699999999999999,31.2323,121.4515,31.2372,121.4692
11481,42,6.0,15.0,38.0,5.199999999999999,31.204,121.4664,31.218,121.4561
8620,42,24.0,14.0,37.0,4.800000000000001,31.2297,121.4414,31.2144,121.4416
20067,42,35.0,24.0,36.0,4.4,31.2334,121.4519,31.2234,121.4408
12328,42,57.0,58.0,29.0,4.0,31.2565,121.4763,31.253,121.4817
29653,42,7.0,19.0,34.0,4.1,31.2097,121.4792,31.213,121.4911
37672,42,25.0,45.0,45.0,5.7,31.2218,121.4565,31.247,121.4589
45492,42,35.0,45.0,31.0,4.3,31.2351,121.4544,31.2407,121.4591
30212,42,0.0,0.0,27.0,3.7,31.2038,121.4068,31.2015,121.4056
3606,42,25.0,27.0,43.0,5.0,31.2273,121.455,31.2201,121.4799
25224,43,45.0,24.0,39.0,5.1,31.2433,121.4554,31.2282,121.4443
6816,43,18.0,19.0,24.0,4.0,31.219,121.4885,31.2182,121.4927
33577,43,25.0,25.0,26.0,3.7,31.2253,121.4558,31.2289,121.4507
8109,43,25.0,24.0,30.0,3.8,31.2237,121.4537,31.2285,121.4488
33509,43,35.0,35.0,26.0,3.7,31.2308,121.4559,31.2361,121.4535
32052,43,57.0,48.0,37.0,4.4,31.2539,121.4757,31.2414,121.4841
2971,43,35.0,35.0,24.0,3.8,31.2397,121.4545,31.2365,121.4562
37570,43,27.0,38.0,32.0,4.9,31.225,121.4778,31.2357,121.4846
41663,43,25.0,5.0,47.0,5.4,31.2253,121.4583,31.2001,121.4534
30911,43,61.0,80.0,42.0,5.3,31.2635,121.4193,31.2808,121.4063
43057,43,12.0,2.0,36.0,4.800000000000001,31.2187,121.4298,31.2064,121.4206
22889,43,58.0,58.0,30.0,4.2,31.2561,121.4855,31.2521,121.4802
17149,43,11.0,12.0,30.0,4.7,31.2141,121.4105,31.2106,121.4225
25921,43,11.0,2.0,34.0,4.2,31.2186,121.4139,31.2083,121.4238
41438,43,8.0,8.0,26.0,3.9,31.2076,121.4825,31.2087,121.4829
17393,43,77.0,56.0,51.0,6.4,31.2784,121.4785,31.2512,121.4606
1870,43,25.0,24.0,36.0,4.5,31.2218,121.4565,31.2215,121.4413
26786,43,13.0,22.0,38.0,4.8,31.2102,121.4391,31.2264,121.4276
31150,43,35.0,34.0,32.0,4.2,31.24,121.4575,31.236,121.4482
41571,43,15.0,14.0,30.0,3.9,31.2146,121.4536,31.2147,121.4451
39535,43,88.0,78.0,30.0,4.3,31.2808,121.4868,31.2742,121.481
14331,43,6.0,4.0,34.0,4.5,31.2029,121.4614,31.2023,121.4445
9973,43,35.0,35.0,23.0,3.9,31.2383,121.4529,31.2384,121.453
26721,43,36.0,26.0,28.0,3.6,31.2334,121.4664,31.227,121.4664
38836,43,47.0,37.0,36.0,4.4,31.2482,121.4705,31.2349,121.4746
19239,43,77.0,77.0,27.0,3.5,31.2763,121.4703,31.2757,121.4739
26554,43,12.0,12.0,25.0,4.0,31.2135,121.4231,31.2163,121.4226
5807,43,2.0,2.0,24.0,3.3000000000000003,31.2034,121.4228,31.2046,121.4211
39334,43,8.0,8.0,24.0,3.5,31.2063,121.4817,31.2098,121.4818
31272,43,12.0,0.0,39.0,4.8,31.2123,121.4268,31.2081,121.4079
30746,43,31.0,41.0,41.0,5.0,31.2323,121.4107,31.2487,121.4199
36489,43,18.0,17.0,40.0,4.699999999999999,31.219,121.4885,31.2104,121.4718
11033,43,15.0,14.0,29.0,3.7,31.2108,121.454,31.2134,121.4487
32863,43,27.0,27.0,26.0,4.1,31.2285,121.4757,31.226,121.4761
10078,43,17.0,28.0,42.0,5.5,31.2108,121.4719,31.225,121.4858
14578,43,46.0,45.0,33.0,4.5,31.2431,121.462,31.2461,121.4514
27084,43,44.0,46.0,35.0,4.800000000000001,31.2435,121.4452,31.2482,121.4627
9481,43,13.0,33.0,38.0,5.0,31.216,121.4381,31.231,121.4315
25215,44,15.0,25.0,30.0,3.6,31.2152,121.455,31.2209,121.4512
43154,44,24.0,14.0,24.0,4.0,31.2214,121.4437,31.2194,121.4414
30168,44,35.0,26.0,33.0,4.4,31.2334,121.4519,31.2242,121.4617
32840,44,6.0,17.0,40.0,4.8,31.2051,121.4607,31.2161,121.4749
22376,44,22.0,43.0,38.0,5.3,31.229,121.4257,31.2455,121.4315
42304,44,25.0,25.0,22.0,3.7,31.228,121.4563,31.2263,121.4574
21286,44,46.0,45.0,31.0,4.5,31.2432,121.4674,31.248,121.4599
5693,44,43.0,23.0,37.0,4.6,31.2434,121.4352,31.2274,121.433
39610,44,76.0,84.0,44.0,5.4,31.2759,121.4696,31.2801,121.4429
9761,44,35.0,36.0,28.0,3.8,31.2317,121.4585,31.2307,121.4612
4373,44,90.0,90.0,26.0,4.2,31.2987,121.4007,31.2941,121.4052
608,44,35.0,44.0,36.0,4.6000000000000005,31.2308,121.4559,31.2404,121.4419
12571,44,67.0,58.0,34.0,4.2,31.262,121.475,31.2527,121.4842
38072,44,88.0,87.0,30.0,4.4,31.2808,121.4868,31.2836,121.4741
36231,44,43.0,23.0,44.0,5.7,31.2482,121.4385,31.2239,121.4324
42960,44,88.0,97.0,39.0,4.6,31.2842,121.4866,31.2959,121.4721
14205,44,75.0,75.0,26.0,3.2,31.2718,121.457,31.2728,121.4587
38838,44,47.0,37.0,37.0,4.8,31.2482,121.4705,31.2318,121.4717
38538,44,32.0,30.0,36.0,4.9,31.2337,121.4227,31.24,121.4058
19242,44,11.0,21.0,33.0,4.7,31.2154,121.4175,31.227,121.4142
14749,44,24.0,15.0,40.0,4.6,31.2291,121.4439,31.2152,121.4549
17571,44,6.0,17.0,42.0,4.9,31.2029,121.4614,31.2131,121.4794
18496,44,25.0,25.0,31.0,4.3,31.2222,121.4568,31.229,121.4569
31406,44,36.0,25.0,37.0,5.3,31.2334,121.4664,31.2201,121.453
12561,44,88.0,78.0,34.0,4.5,31.2808,121.4868,31.2712,121.4859
13234,44,58.0,57.0,30.0,4.5,31.2545,121.4855,31.2571,121.4767
43138,44,25.0,24.0,36.0,4.3,31.2294,121.4534,31.2241,121.4417
42276,44,35.0,35.0,26.0,3.8,31.2308,121.4559,31.2361,121.4517
28788,44,94.0,93.0,30.0,3.9,31.296,121.446,31.2987,121.4398
11934,44,25.0,26.0,32.0,4.0,31.2273,121.455,31.2254,121.4654
7848,44,18.0,18.0,27.0,3.6,31.2194,121.4891,31.2156,121.487
463,44,58.0,48.0,31.0,4.4,31.2545,121.4855,31.2447,121.4836
6538,44,13.0,14.0,35.0,4.800000000000001,31.2112,121.4321,31.2163,121.4443
8785,44,24.0,13.0,29.0,4.4,31.2218,121.4411,31.2158,121.434
17136,45,18.0,18.0,32.0,4.0,31.2137,121.4818,31.21,121.4897
21400,45,43.0,44.0,30.0,4.4,31.2434,121.4352,31.2429,121.4436
42163,45,45.0,44.0,28.0,4.5,31.2474,121.4528,31.2485,121.4449
24791,45,27.0,8.0,42.0,4.8,31.2226,121.4737,31.2065,121.4857
22306,45,88.0,88.0,25.0,4.1,31.2876,121.4881,31.2893,121.484
14232,45,1.0,1.0,25.0,4.0,31.209,121.4158,31.2068,121.4131
27693,45,87.0,98.0,35.0,4.5,31.284,121.4715,31.2954,121.4837
40547,45,15.0,24.0,32.0,4.6000000000000005,31.2146,121.4536,31.2261,121.4481
4681,45,15.0,14.0,34.0,4.800000000000001,31.2132,121.4588,31.2129,121.4414
21341,45,11.0,11.0,29.0,3.9,31.2109,121.412,31.2121,121.4181
36071,45,35.0,35.0,26.0,4.2,31.2317,121.4585,31.2377,121.4588
7726,45,18.0,8.0,33.0,4.800000000000001,31.2143,121.4802,31.2026,121.4839
40401,45,22.0,13.0,38.0,5.0,31.2266,121.4273,31.2133,121.4301
10011,45,15.0,24.0,35.0,4.9,31.2108,121.454,31.2225,121.4489
42257,45,19.0,8.0,38.0,4.5,31.2144,121.4969,31.2098,121.4815
28316,45,44.0,54.0,29.0,3.9,31.2467,121.4406,31.2533,121.445
5517,45,56.0,46.0,33.0,4.5,31.2543,121.464,31.2417,121.4628
35466,45,58.0,58.0,28.0,4.2,31.251,121.4848,31.2559,121.482
5566,45,95.0,95.0,24.0,3.6,31.2924,121.4511,31.2945,121.4515
11649,45,34.0,53.0,46.0,5.2,31.2361,121.4452,31.257,121.4334
3978,45,11.0,13.0,39.0,4.6,31.2158,121.4142,31.2167,121.433
35972,45,83.0,84.0,32.0,4.4,31.2896,121.4385,31.2868,121.4495
25766,45,11.0,31.0,37.0,4.5,31.2171,121.414,31.2319,121.4183
720,45,61.0,71.0,29.0,4.2,31.27,121.4154,31.276,121.4194
31529,45,33.0,35.0,37.0,4.4,31.2332,121.4394,31.2313,121.4561
16062,45,77.0,79.0,36.0,4.5,31.2779,121.4787,31.2722,121.4933
25035,45,35.0,36.0,34.0,4.0,31.2356,121.4518,31.2304,121.4626
36104,45,95.0,95.0,31.0,4.4,31.2984,121.4545,31.2924,121.4596
24375,45,0.0,1.0,34.0,4.6,31.2088,121.4077,31.2006,121.4145
5532,45,35.0,24.0,39.0,5.1,31.24,121.4575,31.224,121.4479
34803,45,7.0,8.0,24.0,3.4,31.2008,121.4797,31.2021,121.4821
37711,45,25.0,45.0,43.0,5.4,31.2261,121.4596,31.2458,121.4529
7410,45,57.0,47.0,31.0,4.3,31.2512,121.4754,31.2432,121.4745
41964,45,27.0,28.0,30.0,4.5,31.2298,121.4761,31.2216,121.4845
3882,45,38.0,48.0,34.0,4.3,31.232,121.4862,31.2423,121.4871
24102,45,93.0,93.0,30.0,3.7,31.2949,121.4341,31.2998,121.4355
15986,46,25.0,25.0,29.0,4.4,31.22,121.4515,31.2265,121.4562
32522,46,56.0,46.0,28.0,3.4,31.2514,121.4666,31.2484,121.4678
26039,46,71.0,60.0,37.0,4.9,31.2759,121.412,31.2655,121.4012
18566,46,25.0,24.0,38.0,4.6000000000000005,31.2211,121.4565,31.2254,121.4415
45455,46,16.0,16.0,22.0,3.8,31.2163,121.4699,31.2156,121.4676
43170,46,26.0,28.0,41.0,5.2,31.2259,121.4688,31.2291,121.4895
36701,46,56.0,67.0,32.0,4.800000000000001,31.2529,121.4646,31.2616,121.4764
42146,46,84.0,86.0,44.0,5.9,31.2884,121.4409,31.2813,121.4662
1205,46,23.0,24.0,33.0,4.800000000000001,31.2221,121.4345,31.2295,121.4467
37800,46,23.0,33.0,28.0,4.2,31.2256,121.438,31.2312,121.4329
150,46,11.0,1.0,30.0,4.4,31.2171,121.414,31.2062,121.4118
8914,46,47.0,45.0,40.0,5.2,31.2432,121.4784,31.2407,121.4571
44863,46,18.0,17.0,38.0,5.1000000000000005,31.219,121.4885,31.211,121.4728
26064,46,61.0,72.0,38.0,5.0,31.265,121.4126,31.2732,121.4297
43450,46,1.0,2.0,34.0,4.3,31.209,121.4158,31.2021,121.423
19887,46,24.0,15.0,32.0,4.6000000000000005,31.2234,121.4445,31.2149,121.4537
10770,46,71.0,60.0,38.0,4.800000000000001,31.2727,121.4137,31.2649,121.4007
27804,46,76.0,56.0,42.0,5.3,31.2732,121.4619,31.255,121.462
13005,46,47.0,66.0,42.0,5.3,31.2432,121.4784,31.2638,121.4644
3083,46,31.0,20.0,38.0,4.8,31.2359,121.4171,31.2214,121.4068
22412,46,6.0,16.0,34.0,5.1000000000000005,31.2029,121.4614,31.2148,121.4694
43310,46,24.0,13.0,34.0,4.800000000000001,31.2297,121.4414,31.2153,121.4364
31744,46,23.0,24.0,27.0,3.8,31.2289,121.4389,31.2254,121.4444
18565,46,25.0,24.0,28.0,4.4,31.2284,121.4592,31.2284,121.4497
3764,46,10.0,12.0,40.0,5.3,31.2115,121.4025,31.2199,121.4222
21896,46,58.0,48.0,30.0,4.5,31.252,121.486,31.2442,121.4883
7258,46,77.0,58.0,40.0,5.7,31.2716,121.4736,31.2536,121.4892
15723,46,61.0,71.0,38.0,4.9,31.265,121.4126,31.2794,121.4147
28679,46,11.0,11.0,29.0,4.0,31.213,121.4198,31.2129,121.4122
16830,46,15.0,15.0,31.0,3.9,31.2192,121.4517,31.2113,121.4543
35578,47,58.0,76.0,46.0,5.6000000000000005,31.2503,121.4823,31.2714,121.4663
25945,47,46.0,35.0,36.0,4.800000000000001,31.2432,121.4674,31.2328,121.4566
18019,47,35.0,37.0,38.0,4.9,31.2343,121.4579,31.2384,121.4753
41372,47,61.0,90.0,56.0,6.9,31.265,121.4126,31.2997,121.4094
44809,47,12.0,12.0,25.0,3.6,31.2123,121.4268,31.2107,121.426
11897,47,12.0,1.0,32.0,4.0,31.2165,121.4222,31.2062,121.4174
38544,47,2.0,12.0,36.0,4.5,31.2036,121.4276,31.2149,121.4262
3144,47,58.0,56.0,34.0,5.1000000000000005,31.2561,121.4855,31.259,121.4678
5643,47,27.0,28.0,38.0,4.7,31.2243,121.4731,31.221,121.4893
38103,47,22.0,31.0,34.0,4.5,31.228,121.4253,31.2361,121.41
35361,47,33.0,23.0,39.0,4.9,31.2388,121.4312,31.2229,121.4392
13251,47,6.0,4.0,39.0,5.3,31.2076,121.4654,31.2004,121.4443
29540,47,12.0,12.0,24.0,3.3000000000000003,31.2102,121.4286,31.2103,121.4277
22265,47,24.0,24.0,29.0,3.8,31.2267,121.4488,31.222,121.4464
21188,47,12.0,13.0,26.0,4.2,31.2187,121.4298,31.2183,121.4376
36022,47,2.0,13.0,33.0,4.7,31.2036,121.4276,31.2108,121.4397
40662,47,2.0,2.0,25.0,3.8,31.205,121.4216,31.2013,121.4202
11112,47,11.0,11.0,25.0,3.6,31.211,121.4102,31.2106,121.4116
34677,47,15.0,15.0,28.0,3.9,31.2148,121.4546,31.2117,121.4584
24730,47,2.0,13.0,35.0,4.4,31.2036,121.4276,31.2155,121.4316
44619,47,31.0,32.0,28.0,4.1,31.2354,121.4196,31.2399,121.4206
36705,47,54.0,64.0,34.0,4.2,31.2597,121.4484,31.2674,121.4414
4551,47,44.0,34.0,32.0,4.7,31.2448,121.4493,31.2335,121.444
26999,47,56.0,46.0,34.0,4.4,31.2513,121.4694,31.2435,121.4638
26866,47,31.0,30.0,38.0,4.5,31.2392,121.4189,31.2343,121.4037
39198,47,31.0,21.0,30.0,4.1,31.2303,121.4199,31.2219,121.4137
40996,47,83.0,84.0,26.0,4.3,31.2896,121.4385,31.2868,121.4439
38881,47,17.0,38.0,47.0,5.6,31.2108,121.4719,31.2359,121.4874
42983,47,48.0,58.0,29.0,3.8,31.2465,121.4877,31.2507,121.4804
16873,47,26.0,48.0,44.0,5.7,31.2259,121.4688,31.2431,121.4817
944,47,61.0,71.0,36.0,4.5,31.2619,121.418,31.2768,121.4124
13977,48,43.0,44.0,25.0,3.4,31.2481,121.4355,31.2473,121.4406
35162,48,45.0,45.0,27.0,3.5,31.2431,121.4578,31.2451,121.4592
32396,48,11.0,12.0,38.0,4.8,31.2104,121.4115,31.2161,121.4293
24083,48,34.0,24.0,30.0,4.7,31.238,121.4402,31.2283,121.4411
41963,48,27.0,38.0,35.0,4.9,31.2243,121.4731,31.2327,121.4823
31109,48,1.0,2.0,32.0,4.1,31.208,121.4187,31.2041,121.4291
721,48,72.0,81.0,33.0,4.7,31.2737,121.427,31.2821,121.4176
37401,48,2.0,12.0,36.0,5.3,31.2034,121.4228,31.2185,121.4281
14252,48,33.0,34.0,34.0,4.4,31.2349,121.4303,31.2316,121.446
21334,48,13.0,11.0,43.0,5.4,31.2102,121.4391,31.2107,121.4104
17370,48,33.0,31.0,42.0,5.1,31.2312,121.4394,31.2381,121.4172
19367,48,11.0,12.0,33.0,4.6,31.2197,121.4108,31.2197,121.4226
24229,48,25.0,25.0,28.0,3.4,31.228,121.4563,31.2293,121.4597
35105,48,18.0,17.0,30.0,4.6,31.219,121.4885,31.2186,121.4773
20998,48,0.0,0.0,29.0,4.2,31.2093,121.4064,31.2028,121.4009
4567,48,18.0,17.0,29.0,4.2,31.216,121.4829,31.2181,121.475
15846,48,13.0,13.0,27.0,3.8,31.2138,121.4308,31.2159,121.433
684,48,16.0,26.0,29.0,4.3,31.2177,121.4611,31.2225,121.4621
14410,48,31.0,31.0,27.0,4.1,31.2324,121.4117,31.2377,121.4146
17523,48,25.0,25.0,24.0,3.7,31.2273,121.455,31.2256,121.456
40739,48,24.0,35.0,37.0,4.7,31.2296,121.4439,31.2325,121.4598
14766,48,22.0,42.0,43.0,5.7,31.2247,121.4285,31.2464,121.4295
23,48,75.0,66.0,32.0,4.0,31.2728,121.4597,31.2653,121.4655
40619,48,27.0,37.0,26.0,4.0,31.2298,121.4761,31.2353,121.4744
41652,48,11.0,11.0,26.0,3.7,31.2154,121.4175,31.2175,121.4156
16716,48,0.0,1.0,33.0,4.7,31.2078,121.4007,31.2098,121.4133
20388,48,45.0,56.0,36.0,4.6000000000000005,31.2457,121.4558,31.2512,121.4677
22883,48,25.0,14.0,36.0,4.9,31.2257,121.4503,31.2115,121.441
27659,48,31.0,40.0,36.0,4.800000000000001,31.2335,121.4105,31.2448,121.4043
21272,48,24.0,24.0,29.0,3.7,31.2262,121.4493,31.2207,121.4482
14376,49,16.0,7.0,37.0,4.6,31.2146,121.4618,31.2017,121.4755
2201,49,25.0,25.0,26.0,3.2,31.228,121.4563,31.2278,121.4541
5621,49,22.0,32.0,37.0,4.5,31.2237,121.4242,31.2376,121.4278
37896,49,35.0,26.0,38.0,4.7,31.2344,121.4596,31.221,121.4689
39008,49,26.0,35.0,38.0,4.6000000000000005,31.2248,121.4674,31.238,121.4582
26874,49,18.0,18.0,30.0,4.5,31.2167,121.4811,31.2107,121.4851
25412,49,74.0,74.0,33.0,4.2,31.2703,121.4411,31.2794,121.4431
24209,49,23.0,13.0,30.0,4.5,31.2256,121.438,31.2153,121.4373
27857,49,36.0,25.0,34.0,4.2,31.2364,121.4628,31.229,121.4564
20150,49,0.0,2.0,38.0,5.1000000000000005,31.2093,121.4064,31.2048,121.4234
26233,49,45.0,45.0,27.0,4.1,31.2457,121.4558,31.2433,121.4549
4881,49,0.0,2.0,41.0,5.5,31.2062,121.4039,31.2082,121.4285
27292,49,99.0,99.0,28.0,4.3,31.2929,121.4992,31.2993,121.4926
13223,49,44.0,34.0,27.0,3.9,31.2444,121.4419,31.2393,121.4448
15663,49,18.0,38.0,34.0,5.0,31.2173,121.4813,31.2313,121.4833
17230,49,11.0,12.0,33.0,4.2,31.2146,121.4112,31.2186,121.4249
4116,49,77.0,58.0,45.0,5.800000000000001,31.2787,121.4727,31.2576,121.4899
14510,49,16.0,25.0,30.0,4.3,31.2146,121.4618,31.2244,121.4582
15596,49,38.0,38.0,24.0,3.9,31.232,121.4862,31.2322,121.4846
38205,49,36.0,26.0,34.0,4.2,31.238,121.4646,31.2285,121.47
36673,49,6.0,27.0,45.0,5.3,31.2051,121.4607,31.2237,121.4797
43970,49,24.0,13.0,32.0,4.6,31.2244,121.4482,31.2182,121.4392
395,49,18.0,18.0,24.0,3.7,31.216,121.4829,31.2126,121.4862
22038,49,58.0,38.0,38.0,4.9,31.2504,121.4808,31.2372,121.4884
30866,49,38.0,38.0,26.0,3.5,31.2358,121.4878,31.2398,121.4878
23283,50,24.0,25.0,37.0,5.1000000000000005,31.2214,121.4437,31.2281,121.4594
10339,50,90.0,90.0,29.0,4.3,31.2969,121.4022,31.2907,121.4015
37967,50,7.0,6.0,32.0,4.1,31.2008,121.4797,31.204,121.4674
37399,50,31.0,31.0,31.0,4.0,31.2314,121.4106,31.237,121.4183
8653,50,35.0,45.0,27.0,4.0,31.2383,121.459,31.2413,121.4542
20223,50,58.0,58.0,28.0,4.0,31.2545,121.4855,31.2526,121.4899
10384,50,35.0,34.0,32.0,4.3,31.2376,121.4554,31.2307,121.4472
45225,50,34.0,34.0,24.0,3.3000000000000003,31.2361,121.4452,31.2366,121.4428
35492,50,58.0,58.0,26.0,3.6,31.2585,121.4861,31.2575,121.482
43435,50,58.0,48.0,28.0,4.0,31.2561,121.4855,31.2498,121.4834
9151,50,31.0,50.0,50.0,5.9,31.2314,121.4106,31.2595,121.4058
20465,50,76.0,64.0,39.0,5.5,31.2733,121.4612,31.2614,121.4424
28281,50,25.0,35.0,33.0,4.5,31.2237,121.4537,31.2359,121.4571
29153,50,25.0,24.0,32.0,4.1,31.2211,121.4565,31.2279,121.4482
20381,50,36.0,17.0,42.0,5.4,31.2334,121.4664,31.2128,121.4735
43059,50,13.0,12.0,34.0,4.4,31.2165,121.4365,31.2189,121.4229
3776,50,57.0,47.0,30.0,3.6,31.2519,121.4721,31.247,121.4769
20953,50,33.0,32.0,26.0,3.8,31.23,121.4355,31.233,121.4292
12595,50,36.0,35.0,30.0,4.4,31.2364,121.469,31.2339,121.4571
26544,50,18.0,18.0,30.0,3.8,31.2143,121.4802,31.2124,121.4857
18411,50,58.0,57.0,30.0,4.7,31.251,121.4848,31.26,121.4779
2178,50,24.0,25.0,29.0,4.0,31.2291,121.4439,31.2239,121.4508
13845,50,58.0,59.0,35.0,4.4,31.251,121.4848,31.2544,121.4988
33104,50,57.0,58.0,32.0,3.9,31.2512,121.4754,31.2542,121.4829
2625,50,24.0,24.0,25.0,4.0,31.2229,121.4434,31.2261,121.4437
1618,50,75.0,65.0,35.0,5.1000000000000005,31.2761,121.4514,31.2623,121.4586
36218,50,43.0,23.0,46.0,5.7,31.2482,121.4385,31.2214,121.4387
17835,50,57.0,58.0,31.0,4.6,31.2555,121.4761,31.2586,121.4881
10949,51,36.0,35.0,28.0,3.8,31.238,121.4646,31.2388,121.4556
38039,51,45.0,45.0,30.0,4.0,31.2433,121.4554,31.241,121.4502
37539,51,33.0,34.0,35.0,4.9,31.2349,121.4303,31.2349,121.4487
27087,51,14.0,14.0,27.0,3.7,31.2112,121.4448,31.2176,121.443
38730,51,47.0,45.0,33.0,4.2,31.2428,121.4735,31.242,121.4582
3060,51,6.0,14.0,45.0,5.9,31.2048,121.4696,31.2197,121.4478
41640,51,26.0,15.0,38.0,4.699999999999999,31.2277,121.4674,31.2136,121.4567
33544,51,6.0,16.0,40.0,5.199999999999999,31.2048,121.4696,31.2197,121.4602
26689,51,27.0,19.0,42.0,5.4,31.2243,121.4731,31.2178,121.4928
44427,51,25.0,23.0,34.0,5.1000000000000005,31.2211,121.4565,31.2245,121.4394
41713,51,25.0,27.0,37.0,5.1,31.22,121.4515,31.2233,121.4713
40155,51,33.0,32.0,34.0,4.2,31.23,121.4355,31.2357,121.4267
19856,51,0.0,1.0,29.0,3.9,31.2038,121.4068,31.2083,121.4155
13109,51,36.0,36.0,28.0,3.9,31.2311,121.4614,31.2372,121.4648
36861,51,48.0,48.0,26.0,4.1,31.2459,121.4837,31.242,121.4882
15842,51,1.0,10.0,31.0,4.4,31.209,121.4158,31.2139,121.4086
44563,51,71.0,71.0,30.0,4.0,31.2703,121.4101,31.2731,121.4199
34934,51,35.0,24.0,33.0,4.5,31.2323,121.4515,31.2243,121.4426
29948,51,75.0,42.0,55.0,6.7,31.2723,121.4598,31.2484,121.4254
26218,51,36.0,35.0,30.0,3.8,31.2311,121.4614,31.2378,121.4588
33342,51,86.0,77.0,35.0,4.6000000000000005,31.2821,121.4615,31.2772,121.4739
2859,51,69.0,58.0,36.0,5.0,31.2644,121.4987,31.2559,121.4834
33037,51,67.0,77.0,31.0,4.5,31.2687,121.4721,31.2759,121.4771
1441,51,18.0,28.0,34.0,4.7,31.2134,121.4872,31.2287,121.4829
4663,52,71.0,60.0,43.0,5.9,31.2796,121.4179,31.2605,121.4015
26150,52,24.0,25.0,39.0,4.9,31.2214,121.4423,31.2284,121.4599
32783,52,6.0,26.0,47.0,6.0,31.2014,121.4688,31.229,121.4658
30349,52,11.0,3.0,49.0,6.1,31.217,121.4109,31.2057,121.4396
10282,52,46.0,45.0,37.0,4.6000000000000005,31.2432,121.4674,31.2429,121.4507
35127,52,52.0,62.0,36.0,4.9,31.2512,121.4264,31.2633,121.4201
26791,52,45.0,45.0,29.0,3.6,31.2475,121.4562,31.2414,121.4561
21017,52,74.0,85.0,37.0,4.8,31.2731,121.4418,31.286,121.4557
171,52,24.0,24.0,28.0,3.9,31.2296,121.4403,31.2296,121.4496
28905,52,77.0,56.0,45.0,5.2,31.2735,121.4759,31.2513,121.4639
15178,52,45.0,55.0,32.0,4.2,31.2435,121.4538,31.2567,121.4549
39425,52,45.0,45.0,24.0,3.7,31.2406,121.4512,31.2429,121.4545
15440,52,24.0,24.0,29.0,3.6,31.2262,121.4493,31.2208,121.4459
28442,52,25.0,14.0,37.0,4.699999999999999,31.2294,121.4534,31.2161,121.4422
45212,52,75.0,74.0,32.0,4.7,31.2792,121.4556,31.2739,121.4427
5437,52,7.0,7.0,28.0,4.3,31.2025,121.4797,31.2091,121.4765
30658,52,11.0,23.0,42.0,5.4,31.2197,121.4108,31.2293,121.435
10152,52,58.0,37.0,37.0,4.9,31.2503,121.4823,31.2344,121.4729
39913,52,35.0,46.0,39.0,5.5,31.2334,121.4519,31.2496,121.4611
41358,52,24.0,45.0,38.0,5.0,31.2262,121.4479,31.2421,121.457
3038,52,25.0,28.0,41.0,5.4,31.2254,121.4586,31.2274,121.4847
41403,52,60.0,52.0,38.0,5.5,31.2664,121.4036,31.2584,121.4245
31445,52,18.0,6.0,45.0,5.5,31.219,121.4885,31.2042,121.4639
5016,52,24.0,24.0,28.0,3.4,31.2214,121.4403,31.2235,121.4449
14984,53,45.0,44.0,32.0,4.3,31.2431,121.4578,31.2409,121.4477
33570,53,23.0,24.0,31.0,4.7,31.2221,121.4345,31.2288,121.4431
40761,53,34.0,24.0,33.0,4.3,31.2361,121.4452,31.2238,121.4462
9068,53,25.0,36.0,42.0,5.0,31.2218,121.4565,31.239,121.4681
24337,53,25.0,36.0,38.0,4.8,31.2211,121.4565,31.2352,121.4662
10420,53,88.0,66.0,46.0,6.0,31.2842,121.4866,31.2626,121.4659
31698,53,71.0,52.0,45.0,5.5,31.2761,121.4138,31.253,121.4251
42575,53,93.0,93.0,28.0,3.7,31.2949,121.4341,31.2965,121.4376
25503,53,71.0,70.0,32.0,4.1,31.2752,121.4161,31.2794,121.4053
44735,53,35.0,24.0,40.0,5.0,31.2351,121.4544,31.2217,121.4421
16681,53,47.0,47.0,30.0,3.6,31.2428,121.4735,31.2405,121.4782
301,53,11.0,31.0,41.0,5.1,31.215,121.4193,31.2355,121.414
39948,53,25.0,26.0,38.0,5.0,31.22,121.4515,31.2271,121.4669
10601,53,58.0,79.0,44.0,5.1,31.252,121.486,31.2738,121.4915
16644,53,84.0,84.0,27.0,3.6,31.2884,121.4409,31.2857,121.4447
19149,53,7.0,17.0,34.0,4.4,31.2025,121.4797,31.2151,121.4779
41843,53,26.0,26.0,31.0,3.8,31.2294,121.4693,31.2252,121.4611
36563,53,45.0,45.0,29.0,3.7,31.2431,121.4578,31.2432,121.4522
38181,53,84.0,76.0,46.0,5.5,31.2884,121.4409,31.2796,121.4661
1160,53,71.0,52.0,44.0,6.1000000000000005,31.2747,121.4126,31.2519,121.4291
43492,53,27.0,27.0,27.0,3.9,31.2298,121.4761,31.227,121.4705
4084,53,68.0,89.0,44.0,5.800000000000001,31.2653,121.4889,31.2896,121.4902
32649,54,58.0,58.0,25.0,3.2,31.2513,121.4844,31.2529,121.484
23593,54,24.0,25.0,26.0,4.0,31.2235,121.4481,31.2243,121.4516
2792,54,71.0,52.0,50.0,6.000000000000001,31.2796,121.4179,31.2502,121.4267
3804,54,24.0,24.0,25.0,3.9,31.2276,121.4402,31.2294,121.4417
3834,54,45.0,46.0,32.0,4.3,31.2457,121.4558,31.2452,121.4665
1602,54,24.0,25.0,33.0,4.7,31.2213,121.4438,31.2245,121.4558
13283,54,26.0,15.0,38.0,4.7,31.2236,121.4662,31.2164,121.4522
8591,54,11.0,11.0,25.0,3.9,31.217,121.4109,31.2199,121.4113
25631,54,89.0,99.0,37.0,5.1000000000000005,31.2859,121.4915,31.3,121.4938
29467,54,25.0,24.0,38.0,4.9,31.2261,121.4596,31.2218,121.4436
6595,54,25.0,24.0,33.0,4.5,31.2269,121.4582,31.2251,121.4451
13652,54,75.0,73.0,39.0,5.1,31.2781,121.4502,31.2709,121.4332
21572,54,11.0,1.0,30.0,3.9,31.215,121.4193,31.2094,121.4156
45252,54,17.0,18.0,38.0,4.7,31.2108,121.4719,31.2144,121.4897
41318,54,22.0,33.0,34.0,5.0,31.2267,121.4236,31.2395,121.432
19638,54,24.0,25.0,36.0,4.699999999999999,31.2297,121.4414,31.224,121.46
33264,54,33.0,52.0,43.0,5.6,31.2388,121.4312,31.2586,121.4238
40748,54,18.0,27.0,34.0,4.800000000000001,31.2129,121.4862,31.2204,121.4726
16351,54,13.0,41.0,55.0,6.7,31.216,121.4381,31.2457,121.4133
39534,54,88.0,87.0,35.0,4.4,31.2876,121.4881,31.2883,121.47
43305,54,56.0,57.0,34.0,4.2,31.2507,121.4667,31.256,121.4781
7563,55,31.0,31.0,28.0,3.5,31.23,121.4159,31.2337,121.4168
17555,55,33.0,33.0,30.0,4.2,31.2312,121.4394,31.2345,121.4352
42278,55,15.0,15.0,23.0,3.4000000000000004,31.2108,121.454,31.2119,121.4526
1275,55,75.0,54.0,42.0,5.800000000000001,31.2734,121.4563,31.2508,121.4456
14997,55,89.0,59.0,51.0,5.800000000000001,31.2859,121.4915,31.2564,121.4925
20847,55,11.0,11.0,31.0,4.0,31.2104,121.4115,31.2113,121.4198
30192,55,24.0,15.0,39.0,5.199999999999999,31.2276,121.4402,31.22,121.459
35118,55,45.0,45.0,28.0,4.0,31.2457,121.4558,31.2432,121.4503
2972,55,35.0,36.0,31.0,4.5,31.2375,121.4595,31.2314,121.465
32871,55,28.0,27.0,30.0,4.2,31.226,121.4812,31.2219,121.4754
11995,55,33.0,44.0,32.0,4.2,31.2349,121.4303,31.2439,121.4414
16993,55,18.0,9.0,34.0,4.9,31.2173,121.4813,31.2096,121.4926
31038,55,75.0,75.0,25.0,4.1,31.2728,121.4597,31.2745,121.4564
43003,55,33.0,24.0,38.0,4.5,31.2305,121.4318,31.2281,121.4498
34092,55,7.0,7.0,24.0,3.4000000000000004,31.202,121.48,31.2036,121.4788
35009,55,79.0,89.0,30.0,4.4,31.2765,121.5,31.2837,121.4923
9050,55,2.0,0.0,35.0,4.9,31.2041,121.425,31.2067,121.4086
35270,55,15.0,14.0,32.0,4.0,31.2192,121.4517,31.2121,121.4469
24067,56,7.0,6.0,34.0,4.6000000000000005,31.2025,121.4797,31.2079,121.4671
31190,56,49.0,49.0,24.0,3.8,31.244,121.4954,31.2448,121.4932
29281,56,11.0,31.0,41.0,5.2,31.2139,121.4166,31.2342,121.4184
16180,56,45.0,45.0,31.0,4.1,31.2405,121.4541,31.2487,121.4535
38889,56,35.0,24.0,31.0,4.7,31.2308,121.4559,31.2216,121.4498
23740,56,25.0,26.0,28.0,3.7,31.2205,121.4529,31.2213,121.4604
12545,56,58.0,58.0,32.0,4.1,31.2503,121.4803,31.259,121.4831
17206,56,25.0,24.0,29.0,4.0,31.2257,121.4505,31.2228,121.4445
45753,56,11.0,12.0,29.0,4.0,31.2187,121.4147,31.2181,121.4222
22893,56,90.0,81.0,36.0,4.9,31.2969,121.4022,31.2866,121.4151
24400,56,58.0,49.0,33.0,4.4,31.2561,121.4855,31.2486,121.4984
31221,56,25.0,8.0,51.0,6.2,31.226,121.4521,31.2072,121.4834
5397,56,11.0,12.0,34.0,5.1000000000000005,31.2135,121.4125,31.2108,121.4298
30813,56,10.0,1.0,34.0,4.2,31.2112,121.4006,31.2092,121.4153
10591,56,35.0,25.0,36.0,5.1000000000000005,31.2376,121.4554,31.2236,121.4502
13330,56,35.0,27.0,43.0,5.7,31.2376,121.4554,31.2268,121.4793
35934,56,11.0,13.0,40.0,4.9,31.2104,121.4115,31.2109,121.4302
34620,56,68.0,88.0,38.0,5.0,31.2665,121.4813,31.2817,121.4845
21860,57,25.0,24.0,30.0,4.1,31.2261,121.4596,31.2249,121.4498
10859,57,25.0,5.0,41.0,5.5,31.2273,121.455,31.2049,121.4546
10567,57,11.0,11.0,25.0,3.9,31.2171,121.414,31.2136,121.4127
4802,57,24.0,35.0,35.0,4.7,31.2244,121.4482,31.2386,121.4561
1794,57,44.0,44.0,28.0,3.9,31.2458,121.4456,31.2492,121.4459
14041,57,77.0,78.0,31.0,4.6,31.2763,121.4703,31.2796,121.4819
34096,57,7.0,7.0,28.0,3.7,31.2008,121.4797,31.2049,121.4762
4278,57,1.0,1.0,29.0,4.3,31.208,121.4187,31.2081,121.4124
28127,57,24.0,36.0,46.0,5.800000000000001,31.2221,121.4402,31.2372,121.4649
6120,57,75.0,55.0,45.0,5.9,31.2799,121.4537,31.2534,121.4549
39593,57,61.0,61.0,29.0,3.6,31.2619,121.418,31.2616,121.4106
13594,57,77.0,58.0,41.0,5.3,31.2707,121.4788,31.2512,121.4831
11850,57,34.0,14.0,45.0,5.7,31.2398,121.4443,31.2134,121.4418
34850,57,7.0,8.0,23.0,3.7,31.202,121.48,31.2,121.4801
20347,57,45.0,46.0,29.0,3.7,31.2405,121.4593,31.2419,121.4669
168,58,58.0,58.0,26.0,3.6,31.2561,121.4855,31.2522,121.4817
33003,58,31.0,30.0,33.0,4.7,31.23,121.4159,31.235,121.402
6879,58,32.0,33.0,36.0,5.1000000000000005,31.2337,121.4227,31.232,121.4395
25194,58,12.0,2.0,32.0,4.4,31.2123,121.4268,31.2054,121.4265
12209,58,7.0,8.0,27.0,3.9,31.2015,121.4765,31.203,121.4802
28836,58,35.0,24.0,35.0,4.5,31.2317,121.4585,31.2273,121.4424
2626,58,24.0,15.0,33.0,4.3,31.2248,121.4449,31.2191,121.4542
20234,58,47.0,35.0,40.0,5.4,31.2432,121.4784,31.234,121.4547
14561,58,76.0,56.0,41.0,5.5,31.2732,121.4619,31.252,121.4649
9441,58,15.0,26.0,39.0,5.0,31.2155,121.4508,31.2212,121.4689
30950,58,56.0,56.0,28.0,3.7,31.2507,121.4667,31.2512,121.4611
15482,58,45.0,45.0,27.0,3.4,31.2435,121.4538,31.2404,121.4516
32022,58,77.0,67.0,29.0,3.7,31.2716,121.4736,31.2652,121.4715
10173,58,45.0,35.0,32.0,4.5,31.2475,121.4562,31.2345,121.4557
25069,58,43.0,44.0,32.0,4.2,31.2481,121.4355,31.2441,121.4466
6821,58,25.0,24.0,30.0,4.1,31.2257,121.4505,31.2211,121.4498
4152,59,16.0,15.0,29.0,3.9,31.2177,121.4611,31.2119,121.4589
27244,59,24.0,24.0,32.0,4.2,31.2276,121.4402,31.2202,121.4492
41655,59,56.0,57.0,30.0,4.3,31.2529,121.4646,31.2549,121.4774
7951,59,54.0,55.0,30.0,3.9,31.2597,121.4484,31.2546,121.4516
44881,59,75.0,76.0,28.0,3.7,31.2793,121.4593,31.2797,121.4657
22154,59,27.0,38.0,33.0,4.1,31.224,121.4771,31.2338,121.4806
33457,59,7.0,9.0,36.0,4.6000000000000005,31.202,121.48,31.206,121.4956
27786,59,25.0,25.0,32.0,4.4,31.221,121.4568,31.2297,121.4538
34930,59,16.0,15.0,29.0,3.9,31.212,121.4646,31.2117,121.4559
2312,59,18.0,8.0,35.0,4.800000000000001,31.2194,121.4891,31.2089,121.4805
10095,59,23.0,23.0,31.0,4.3,31.2221,121.4345,31.2298,121.437
37934,59,11.0,12.0,34.0,4.6,31.211,121.4102,31.2131,121.422
39527,59,22.0,23.0,26.0,3.4,31.2247,121.4285,31.2287,121.4307
6680,59,22.0,33.0,37.0,4.699999999999999,31.2223,121.4209,31.2375,121.4318
20559,59,6.0,15.0,34.0,4.3,31.2023,121.4625,31.2129,121.4547
16058,59,10.0,1.0,34.0,4.3,31.2112,121.4006,31.2035,121.4101
37171,59,43.0,42.0,32.0,4.4,31.2482,121.4385,31.2465,121.4261
34779,59,56.0,45.0,30.0,4.4,31.2529,121.4646,31.2471,121.4547
21949,59,22.0,33.0,37.0,4.800000000000001,31.2292,121.4243,31.2343,121.44
26196,60,0.0,0.0,26.0,3.7,31.2023,121.4008,31.2002,121.4019
45367,60,33.0,32.0,24.0,3.4000000000000004,31.2395,121.4306,31.2393,121.4295
6279,60,75.0,84.0,34.0,4.3,31.2772,121.453,31.2845,121.4434
36817,60,75.0,84.0,33.0,4.4,31.2706,121.4532,31.2819,121.4499
28203,60,77.0,77.0,30.0,3.7,31.2784,121.4785,31.2739,121.4747
41245,60,75.0,43.0,62.0,7.4,31.2782,121.4571,31.2407,121.4323
9107,60,79.0,78.0,33.0,4.5,31.2765,121.5,31.2709,121.4859
30098,60,33.0,32.0,33.0,4.3,31.231,121.4369,31.2379,121.4238
22795,60,36.0,46.0,29.0,4.2,31.2364,121.4628,31.241,121.4665
3777,60,57.0,47.0,29.0,3.9,31.2515,121.4771,31.2462,121.4719
42621,60,22.0,23.0,32.0,3.8,31.2261,121.4274,31.2202,121.4328
5041,60,68.0,88.0,38.0,5.1,31.2656,121.4871,31.2857,121.4858
29538,60,12.0,14.0,39.0,4.699999999999999,31.2131,121.4294,31.2146,121.4483
17164,60,58.0,58.0,29.0,4.1,31.251,121.4848,31.2568,121.4842
40089,61,27.0,27.0,26.0,4.3,31.2298,121.4761,31.2291,121.4705
35990,61,74.0,84.0,36.0,5.1,31.2728,121.4429,31.2891,121.4492
20721,61,74.0,84.0,40.0,4.699999999999999,31.2728,121.4429,31.2899,121.4477
45318,61,85.0,85.0,29.0,4.3,31.2831,121.4517,31.2856,121.4565
9217,61,36.0,36.0,29.0,3.8,31.2302,121.4612,31.2372,121.4653
29585,61,75.0,64.0,40.0,5.3,31.2723,121.4598,31.2676,121.4411
27076,61,74.0,75.0,32.0,4.9,31.2731,121.4418,31.2784,121.4561
2169,61,35.0,33.0,43.0,5.3,31.24,121.4575,31.2394,121.4307
17438,61,35.0,33.0,44.0,5.3,31.2325,121.4592,31.2321,121.4352
574,61,2.0,2.0,30.0,4.2,31.2003,121.42,31.2046,121.4256
19279,61,73.0,92.0,44.0,5.4,31.2765,121.4383,31.2959,121.4214
43569,61,25.0,36.0,32.0,4.2,31.2296,121.4546,31.2344,121.4669
14625,61,31.0,23.0,36.0,4.6000000000000005,31.2354,121.4196,31.2251,121.4308
13182,62,25.0,13.0,42.0,5.9,31.228,121.4563,31.21,121.4378
9136,62,12.0,13.0,26.0,4.0,31.2123,121.4268,31.216,121.4317
42259,62,22.0,22.0,26.0,4.3,31.2261,121.4274,31.2249,121.4217
35397,62,56.0,55.0,34.0,4.6000000000000005,31.2514,121.4666,31.2576,121.4529
24018,62,25.0,33.0,41.0,5.0,31.2283,121.4558,31.2334,121.4355
23017,62,94.0,94.0,26.0,3.8,31.2906,121.4418,31.2933,121.4401
37443,62,57.0,77.0,43.0,5.3,31.2563,121.4716,31.2799,121.4746
40452,62,35.0,35.0,26.0,3.2,31.2361,121.4527,31.2378,121.4514
41230,62,24.0,24.0,31.0,4.4,31.2296,121.4403,31.2234,121.4463
27540,62,15.0,27.0,39.0,4.6,31.211,121.4567,31.2235,121.4706
25961,62,24.0,24.0,24.0,4.1,31.2262,121.4419,31.2295,121.4438
16408,62,45.0,35.0,34.0,4.5,31.2474,121.4578,31.2325,121.4595
12309,63,25.0,44.0,41.0,5.3,31.22,121.4515,31.2411,121.45
38744,63,12.0,0.0,40.0,4.8,31.2178,121.425,31.2038,121.4093
27065,63,25.0,14.0,40.0,4.6,31.2254,121.4586,31.2135,121.446
45752,63,43.0,54.0,35.0,4.7,31.2481,121.4355,31.2541,121.4467
2685,63,6.0,5.0,36.0,4.7,31.2063,121.4679,31.2082,121.4547
36290,63,74.0,84.0,34.0,4.1,31.2731,121.4418,31.2805,121.4484
29284,63,84.0,82.0,35.0,4.4,31.2886,121.4405,31.2805,121.4265
9977,63,0.0,0.0,28.0,3.6,31.2093,121.4064,31.2038,121.4049
13993,63,45.0,45.0,24.0,3.8,31.2495,121.4592,31.2473,121.4573
5299,63,17.0,18.0,35.0,5.0,31.2108,121.4719,31.212,121.4898
38005,63,15.0,25.0,31.0,4.3,31.2132,121.4588,31.222,121.457
7463,63,15.0,24.0,35.0,4.800000000000001,31.2192,121.4517,31.2258,121.44
30483,63,43.0,54.0,40.0,5.7,31.2427,121.4365,31.2599,121.4499
25246,63,0.0,0.0,24.0,3.4,31.2038,121.4068,31.2061,121.4066
20630,64,31.0,22.0,34.0,4.5,31.2354,121.4196,31.2209,121.4244
28733,64,11.0,13.0,39.0,4.9,31.2104,121.4115,31.2141,121.4345
27846,64,11.0,11.0,29.0,3.9,31.2154,121.4175,31.22,121.4151
24039,64,47.0,46.0,28.0,4.0,31.2428,121.4735,31.2442,121.4671
25160,64,25.0,25.0,29.0,4.1,31.2257,121.4505,31.2291,121.4587
1119,64,24.0,24.0,29.0,3.9,31.2267,121.4488,31.2288,121.4405
45541,64,58.0,58.0,24.0,4.1,31.2571,121.4841,31.2561,121.4803
2265,64,26.0,34.0,42.0,5.1,31.2259,121.4688,31.2376,121.4472
31657,64,24.0,24.0,28.0,3.4,31.2211,121.4455,31.2241,121.4485
5864,64,43.0,41.0,41.0,5.1,31.2448,121.434,31.2439,121.4113
10379,64,26.0,26.0,30.0,3.8,31.2236,121.4662,31.2277,121.4636
36030,64,71.0,80.0,38.0,5.3,31.2721,121.412,31.2858,121.4014
39134,64,25.0,26.0,30.0,3.8,31.2283,121.4558,31.2226,121.4626
18256,65,33.0,25.0,39.0,5.3,31.23,121.4355,31.2288,121.4543
9228,65,69.0,69.0,30.0,4.0,31.2618,121.4906,31.2659,121.4973
3224,65,24.0,24.0,24.0,3.2,31.2276,121.4402,31.2261,121.4415
10498,65,75.0,55.0,36.0,4.7,31.2723,121.4598,31.2589,121.4553
8080,65,61.0,62.0,26.0,3.4,31.2635,121.4193,31.2616,121.4217
22519,65,6.0,6.0,27.0,3.7,31.2023,121.4625,31.2017,121.4668
12739,65,43.0,53.0,30.0,4.7,31.2475,121.433,31.2578,121.4319
15387,65,33.0,45.0,43.0,5.6,31.231,121.4369,31.2403,121.4586
13526,65,75.0,85.0,30.0,3.9,31.2799,121.4537,31.2854,121.4523
36742,65,6.0,16.0,38.0,4.4,31.2051,121.4621,31.2191,121.4633
23468,65,12.0,2.0,36.0,5.199999999999999,31.22,121.4211,31.2032,121.4234
28840,66,35.0,53.0,46.0,5.3,31.2361,121.4527,31.251,121.4313
24278,66,25.0,26.0,29.0,3.9,31.2261,121.4596,31.2241,121.4673
10944,66,57.0,58.0,34.0,4.4,31.2563,121.4716,31.2548,121.4898
23672,66,14.0,24.0,31.0,4.6,31.2137,121.447,31.223,121.448
13192,66,24.0,14.0,30.0,4.7,31.2229,121.4434,31.2141,121.441
40008,66,7.0,7.0,31.0,3.9,31.2025,121.4797,31.2042,121.47
24029,66,18.0,18.0,30.0,3.8,31.2143,121.4802,31.2177,121.484
9470,66,7.0,7.0,30.0,4.3,31.2032,121.4777,31.2023,121.4701
31949,66,35.0,16.0,43.0,5.800000000000001,31.2375,121.4595,31.2161,121.4676
15659,67,16.0,15.0,34.0,4.6000000000000005,31.2163,121.4699,31.2117,121.4529
29226,67,16.0,7.0,39.0,5.4,31.2177,121.4611,31.2067,121.479
45615,67,11.0,11.0,31.0,3.8,31.213,121.4198,31.2108,121.4111
29219,67,16.0,25.0,34.0,5.1000000000000005,31.2146,121.4618,31.2282,121.4535
13634,67,8.0,9.0,37.0,4.9,31.2063,121.4817,31.2007,121.4975
38624,67,18.0,27.0,38.0,4.6,31.2137,121.4818,31.2294,121.4754
39289,67,18.0,29.0,28.0,3.9,31.2194,121.4891,31.2262,121.4913
31882,67,11.0,10.0,28.0,3.7,31.2141,121.4105,31.2159,121.4067
15485,67,45.0,34.0,32.0,4.4,31.2433,121.4554,31.24,121.4484
1669,67,31.0,31.0,28.0,3.5,31.236,121.4163,31.2326,121.4188
38851,67,12.0,12.0,28.0,4.0,31.2114,121.4256,31.2163,121.4229
3716,68,84.0,84.0,32.0,3.9,31.2886,121.4405,31.2845,121.4479
25965,68,24.0,33.0,37.0,5.1000000000000005,31.2258,121.4479,31.2358,121.4373
22603,68,6.0,6.0,28.0,3.9,31.2023,121.4625,31.208,121.4631
38180,68,84.0,84.0,31.0,3.8,31.2883,121.4429,31.281,121.4418
20699,68,45.0,35.0,33.0,4.4,31.2406,121.4512,31.231,121.4541
6762,68,17.0,15.0,34.0,4.6000000000000005,31.2144,121.4709,31.218,121.4542
7875,68,12.0,2.0,28.0,4.3,31.2102,121.4286,31.2064,121.4239
15684,68,56.0,57.0,32.0,4.4,31.2529,121.4646,31.2508,121.4734
7145,68,6.0,16.0,30.0,4.6,31.2051,121.4621,31.2111,121.47
11045,69,71.0,70.0,28.0,3.8,31.2759,121.412,31.2775,121.4073
398,69,25.0,25.0,28.0,3.7,31.2237,121.4537,31.2208,121.4526
1582,69,25.0,34.0,38.0,5.0,31.228,121.4563,31.2398,121.4454
25110,69,11.0,11.0,25.0,3.4,31.2135,121.4125,31.2125,121.4149
35101,69,17.0,27.0,30.0,4.6,31.2112,121.4712,31.2201,121.4786
31148,69,25.0,16.0,36.0,4.6000000000000005,31.2218,121.4565,31.2157,121.4698
2817,69,16.0,27.0,33.0,4.2,31.2163,121.4699,31.223,121.48
23841,69,75.0,65.0,29.0,3.9,31.2719,121.4509,31.2662,121.4575
42041,69,75.0,75.0,29.0,4.1,31.2714,121.4541,31.2782,121.4519
27486,69,12.0,12.0,30.0,4.3,31.2187,121.4237,31.213,121.4206
1413,69,47.0,47.0,24.0,3.6,31.2465,121.4783,31.2424,121.4775
38790,70,75.0,84.0,26.0,3.9,31.2785,121.4508,31.2805,121.4439
16444,70,84.0,63.0,50.0,6.199999999999999,31.2886,121.4405,31.261,121.4363
20743,70,2.0,11.0,36.0,4.9,31.2036,121.4276,31.2155,121.4197
11830,70,11.0,1.0,36.0,5.0,31.2141,121.4105,31.2015,121.4191
30883,70,25.0,25.0,24.0,3.9,31.2293,121.4595,31.2259,121.4566
3939,70,75.0,86.0,31.0,4.5,31.273,121.4573,31.2811,121.4663
19178,70,75.0,76.0,34.0,4.2,31.2799,121.4574,31.2714,121.4639
10041,70,24.0,24.0,30.0,3.8,31.2296,121.4403,31.2238,121.4474
15307,70,71.0,71.0,32.0,4.0,31.2796,121.4179,31.27,121.4189
7892,70,35.0,36.0,35.0,4.5,31.2399,121.4559,31.2311,121.4685
45794,71,16.0,15.0,28.0,4.2,31.2177,121.4611,31.2141,121.4542
16135,71,69.0,69.0,29.0,4.2,31.2632,121.498,31.2683,121.4917
40615,71,28.0,28.0,31.0,4.2,31.226,121.4812,31.2297,121.4893
5522,71,25.0,33.0,50.0,6.3,31.2245,121.4598,31.237,121.4302
4067,71,24.0,15.0,32.0,4.5,31.2258,121.4479,31.2163,121.4509
26771,71,75.0,86.0,31.0,4.5,31.2737,121.4593,31.2844,121.4618
9489,71,27.0,38.0,33.0,4.4,31.224,121.4771,31.2339,121.4842
40027,71,27.0,38.0,32.0,4.7,31.2285,121.4757,31.2387,121.4847
11063,72,8.0,8.0,24.0,3.7,31.2076,121.4825,31.2092,121.482
5378,72,55.0,56.0,30.0,4.2,31.2527,121.4599,31.2588,121.463
11136,72,24.0,24.0,24.0,4.1,31.2234,121.4445,31.2253,121.446
8794,72,15.0,15.0,26.0,3.9,31.2134,121.4521,31.2191,121.4526
18228,72,11.0,11.0,30.0,4.1,31.2135,121.4125,31.2144,121.4196
810,72,11.0,3.0,42.0,5.7,31.2141,121.4105,31.2026,121.4352
29716,72,25.0,27.0,36.0,5.1000000000000005,31.2261,121.4596,31.2202,121.4759
38649,72,0.0,1.0,28.0,3.8,31.2069,121.4074,31.2089,121.4145
14095,72,15.0,24.0,36.0,4.6000000000000005,31.2186,121.4593,31.2268,121.4467
18356,73,31.0,41.0,27.0,3.6,31.2392,121.4189,31.2427,121.4168
5511,73,47.0,47.0,27.0,3.7,31.2465,121.4783,31.2421,121.4757
21668,73,6.0,17.0,36.0,5.3,31.2014,121.4688,31.2157,121.4768
4076,73,6.0,16.0,29.0,3.7,31.2098,121.4619,31.2143,121.4675
34550,73,38.0,36.0,39.0,5.5,31.232,121.4862,31.233,121.463
24774,73,75.0,73.0,32.0,4.2,31.2713,121.4523,31.2721,121.4399
22234,73,69.0,68.0,33.0,4.0,31.2618,121.4906,31.2604,121.4802
18629,73,75.0,63.0,41.0,5.1,31.2734,121.4563,31.261,121.4399
23090,73,15.0,15.0,30.0,3.9,31.2163,121.4588,31.2104,121.4511
32018,74,10.0,12.0,43.0,5.2,31.2112,121.4006,31.2167,121.4286
33514,74,16.0,24.0,46.0,5.2,31.212,121.4646,31.2269,121.4444
36306,74,24.0,13.0,31.0,4.1,31.2229,121.4434,31.2183,121.4343
30075,74,2.0,2.0,25.0,4.1,31.2036,121.4276,31.2051,121.4236
34251,74,84.0,74.0,34.0,4.0,31.2826,121.4495,31.2722,121.4469
23433,74,75.0,43.0,54.0,6.2,31.2764,121.4598,31.2462,121.4393
23369,74,18.0,29.0,30.0,3.7,31.2194,121.4891,31.2233,121.4935
38476,75,76.0,95.0,46.0,5.4,31.2733,121.4612,31.2987,121.451
29097,75,68.0,58.0,30.0,4.1,31.2644,121.4848,31.2569,121.4847
23428,75,75.0,42.0,63.0,7.0,31.2793,121.4593,31.2427,121.4294
27432,75,75.0,55.0,44.0,5.7,31.279,121.4546,31.2545,121.4589
23431,75,75.0,42.0,64.0,7.5,31.2799,121.4582,31.2429,121.4249
18575,75,58.0,58.0,25.0,3.4,31.2585,121.4861,31.2562,121.4894
1547,75,88.0,68.0,50.0,6.199999999999999,31.2876,121.4881,31.2604,121.4817
21898,75,24.0,15.0,36.0,4.6000000000000005,31.2278,121.4411,31.2199,121.4508
30949,75,56.0,45.0,36.0,4.9,31.2501,121.4679,31.2406,121.4557
38873,75,24.0,35.0,35.0,4.7,31.2265,121.447,31.2377,121.4512
5357,76,18.0,8.0,30.0,3.7,31.2143,121.4802,31.2089,121.4818
6834,76,24.0,25.0,30.0,4.1,31.2291,121.4439,31.2238,121.4529
15009,76,58.0,68.0,33.0,4.0,31.251,121.4848,31.2606,121.4847
30225,76,35.0,25.0,38.0,4.8,31.2397,121.4545,31.2234,121.4532
43823,76,75.0,74.0,34.0,4.0,31.2709,121.4555,31.2744,121.4435
8735,76,75.0,75.0,24.0,3.2,31.2779,121.4547,31.277,121.456
24436,76,38.0,39.0,31.0,4.1,31.2381,121.4852,31.2357,121.4969
40063,76,17.0,17.0,30.0,4.1,31.2116,121.4789,31.2177,121.471
20941,76,2.0,12.0,30.0,4.2,31.2036,121.4276,31.2125,121.4202
22662,76,11.0,11.0,24.0,4.1,31.2102,121.4198,31.2115,121.4161
20935,76,84.0,93.0,33.0,4.1,31.2864,121.4494,31.2919,121.4387
22454,77,58.0,57.0,27.0,4.2,31.2503,121.4803,31.2534,121.4749
3354,77,18.0,8.0,29.0,4.0,31.2153,121.4892,31.2084,121.4834
4106,77,17.0,36.0,41.0,5.7,31.2108,121.4719,31.2306,121.4641
40455,77,67.0,55.0,36.0,4.6,31.262,121.475,31.2534,121.4594
30843,77,68.0,67.0,36.0,5.0,31.2668,121.489,31.2605,121.4711
35917,77,0.0,11.0,35.0,4.6000000000000005,31.2088,121.4077,31.2199,121.4178
35170,77,15.0,6.0,40.0,5.0,31.2155,121.4508,31.2081,121.4688
8354,77,35.0,26.0,34.0,4.3,31.2356,121.4518,31.2268,121.461
35526,77,11.0,3.0,47.0,6.0,31.211,121.4102,31.206,121.4397
27301,77,11.0,11.0,26.0,3.4,31.2171,121.414,31.2152,121.4115
43606,77,95.0,84.0,40.0,5.0,31.2984,121.4545,31.2829,121.4413
10254,78,11.0,23.0,43.0,5.1,31.2124,121.4159,31.2217,121.4383
37187,78,58.0,48.0,31.0,3.9,31.2504,121.4808,31.2428,121.486
43021,78,24.0,25.0,27.0,3.8,31.2235,121.4481,31.2238,121.451
1977,78,18.0,28.0,36.0,4.5,31.2153,121.4892,31.225,121.482
1975,78,18.0,29.0,30.0,4.0,31.219,121.4885,31.2261,121.4911
21469,78,6.0,17.0,31.0,4.4,31.2075,121.4653,31.2106,121.4735
22080,78,98.0,99.0,33.0,4.0,31.2985,121.4828,31.298,121.4956
5412,79,96.0,95.0,30.0,4.1,31.2933,121.4639,31.2938,121.4583
36805,79,75.0,76.0,38.0,4.6000000000000005,31.2781,121.4502,31.2765,121.4671
22913,79,84.0,94.0,33.0,4.6,31.2886,121.4405,31.2981,121.4461
17652,79,75.0,54.0,47.0,6.1000000000000005,31.2764,121.4598,31.2564,121.4413
5960,79,7.0,15.0,44.0,5.2,31.2008,121.4797,31.2144,121.4576
4276,79,7.0,6.0,28.0,3.9,31.2097,121.4792,31.21,121.4687
270,79,15.0,26.0,40.0,5.3,31.2108,121.454,31.2244,121.469
10913,79,75.0,84.0,29.0,4.1,31.2761,121.4514,31.283,121.4463
23145,80,11.0,11.0,25.0,4.1,31.217,121.4109,31.2165,121.4156
35,80,61.0,71.0,36.0,4.800000000000001,31.2619,121.418,31.2736,121.4179
39237,80,17.0,27.0,31.0,4.6,31.2138,121.4771,31.2221,121.4723
15071,80,21.0,30.0,40.0,5.199999999999999,31.2211,121.4191,31.2339,121.4047
15309,80,61.0,71.0,22.0,3.8,31.27,121.4154,31.2713,121.4158
33658,80,33.0,33.0,28.0,4.2,31.2395,121.4306,31.2364,121.4345
4237,80,56.0,44.0,43.0,5.6,31.2543,121.464,31.2459,121.4414
10925,80,72.0,82.0,33.0,4.2,31.2737,121.427,31.284,121.4218
17280,80,27.0,36.0,38.0,4.9,31.2267,121.4772,31.2316,121.4605
43505,80,45.0,35.0,26.0,3.7,31.2431,121.4578,31.2371,121.4577
19752,81,58.0,48.0,36.0,4.4,31.2585,121.4861,31.2452,121.4861
23624,81,25.0,25.0,25.0,3.8,31.2253,121.4558,31.2276,121.4544
29393,81,16.0,16.0,29.0,3.9,31.2177,121.4611,31.2181,121.4693
42601,81,77.0,77.0,26.0,3.9,31.2718,121.4719,31.2725,121.4769
26714,81,28.0,28.0,24.0,3.6,31.228,121.4858,31.2278,121.4818
13495,81,56.0,56.0,32.0,4.6,31.2501,121.4679,31.26,121.4621
34483,81,10.0,2.0,47.0,5.7,31.2112,121.4006,31.2003,121.4269
31303,81,7.0,5.0,39.0,5.1,31.2015,121.4765,31.2003,121.4542
42615,82,25.0,16.0,39.0,5.1,31.2285,121.4504,31.217,121.4633
5583,82,11.0,41.0,56.0,6.6000000000000005,31.2135,121.4125,31.248,121.4134
17619,82,37.0,27.0,30.0,3.6,31.2341,121.4764,31.2284,121.4765
22954,82,42.0,52.0,30.0,4.2,31.2425,121.4247,31.2537,121.4256
39980,82,25.0,15.0,34.0,4.2,31.2257,121.4505,31.216,121.4577
28040,82,24.0,15.0,38.0,5.1,31.2278,121.4411,31.2127,121.4531
9638,82,35.0,45.0,30.0,4.1,31.2317,121.4585,31.2403,121.4585
17310,82,45.0,45.0,30.0,4.0,31.2475,121.4562,31.2431,121.4503
23179,83,75.0,85.0,38.0,5.1000000000000005,31.272,121.4514,31.2851,121.459
44765,83,75.0,75.0,26.0,3.4000000000000004,31.2779,121.4547,31.2796,121.4557
25662,83,35.0,35.0,33.0,4.5,31.2383,121.459,31.233,121.4502
29478,83,75.0,75.0,28.0,3.8,31.2723,121.4598,31.2713,121.452
42114,83,75.0,41.0,62.0,7.9,31.2779,121.4547,31.2491,121.4115
22949,83,52.0,52.0,31.0,4.1,31.2512,121.4264,31.2587,121.429
21299,84,7.0,8.0,30.0,4.7,31.2084,121.474,31.2055,121.4866
34450,84,75.0,61.0,59.0,6.9,31.2799,121.4537,31.2633,121.4127
17289,84,84.0,84.0,29.0,4.3,31.2884,121.4409,31.2875,121.4495
20108,84,12.0,1.0,38.0,4.800000000000001,31.2117,121.4299,31.2036,121.4157
32558,84,84.0,84.0,30.0,4.0,31.2886,121.4405,31.2815,121.4482
43422,84,79.0,87.0,44.0,5.5,31.2765,121.5,31.2851,121.4764
3270,85,75.0,63.0,40.0,5.6,31.2799,121.4574,31.2687,121.4373
31511,85,24.0,36.0,39.0,5.5,31.2234,121.4445,31.2341,121.4638
23772,85,69.0,77.0,47.0,5.7,31.2644,121.4987,31.279,121.4742
85,85,27.0,37.0,37.0,5.0,31.2226,121.4737,31.2368,121.4743
3289,85,75.0,51.0,59.0,6.699999999999999,31.2723,121.4598,31.2582,121.417
18554,85,75.0,63.0,36.0,5.1,31.2754,121.4501,31.2641,121.4359
28986,85,24.0,24.0,27.0,3.8,31.2214,121.4403,31.2276,121.4403
2361,85,13.0,14.0,32.0,4.0,31.2106,121.4369,31.2177,121.4459
3916,86,75.0,31.0,62.0,7.4,31.2709,121.4555,31.2378,121.4164
31039,86,75.0,33.0,53.0,6.4,31.2704,121.4521,31.2387,121.4381
21442,86,84.0,83.0,31.0,4.4,31.2816,121.4414,31.2876,121.4323
7650,86,77.0,78.0,40.0,4.9,31.2763,121.4703,31.2711,121.489
15770,86,75.0,33.0,59.0,7.200000000000001,31.2713,121.4523,31.2307,121.4388
1658,87,24.0,24.0,31.0,4.3,31.2252,121.4493,31.2298,121.4412
4504,87,25.0,25.0,25.0,4.1,31.2255,121.4508,31.2216,121.4506
28641,87,75.0,86.0,31.0,4.4,31.2764,121.457,31.2848,121.4625
27722,87,74.0,73.0,25.0,4.0,31.2785,121.4419,31.2753,121.4386
20169,87,67.0,89.0,45.0,5.6000000000000005,31.2691,121.4713,31.2841,121.4946
11034,87,15.0,3.0,34.0,5.0,31.2134,121.4521,31.2067,121.438
2150,87,85.0,84.0,35.0,4.4,31.2814,121.4541,31.2881,121.4412
43783,88,24.0,26.0,39.0,4.8,31.2278,121.4411,31.2225,121.4629
14544,88,58.0,77.0,42.0,5.0,31.2561,121.4855,31.2702,121.4711
1661,88,24.0,24.0,31.0,4.7,31.2296,121.4403,31.2231,121.4489
1813,88,57.0,57.0,27.0,3.8,31.2565,121.4763,31.2567,121.4713
15565,88,11.0,11.0,27.0,4.1,31.2141,121.4105,31.218,121.4159
26748,88,6.0,7.0,24.0,3.5,31.2063,121.4679,31.2031,121.4711
20862,89,90.0,81.0,38.0,5.3,31.2987,121.4007,31.286,121.4178
413,89,56.0,55.0,34.0,4.3,31.2514,121.4666,31.2571,121.4576
5594,89,90.0,81.0,36.0,5.0,31.2935,121.4029,31.2836,121.4141
29039,89,69.0,69.0,31.0,4.2,31.2671,121.4972,31.2608,121.4926
6403,89,6.0,17.0,31.0,4.5,31.2075,121.4653,31.21,121.4778
36132,89,90.0,81.0,32.0,4.7,31.293,121.4038,31.2858,121.4169
11013,89,27.0,16.0,26.0,3.8,31.2226,121.4737,31.2198,121.4679
31308,90,22.0,32.0,34.0,4.800000000000001,31.2267,121.4236,31.2383,121.4253
31094,90,79.0,88.0,40.0,5.4,31.2716,121.4942,31.2886,121.4873
28022,90,75.0,74.0,29.0,4.0,31.2719,121.4509,31.2764,121.4461
29866,90,24.0,14.0,34.0,4.6000000000000005,31.2259,121.45,31.214,121.4459
6023,90,56.0,55.0,33.0,4.2,31.2507,121.4667,31.2531,121.4552
43703,90,36.0,24.0,35.0,4.4,31.2311,121.4614,31.2258,121.4446
17291,91,84.0,74.0,30.0,4.2,31.2816,121.4414,31.2758,121.4499
29046,91,27.0,28.0,28.0,3.7,31.224,121.4771,31.2223,121.4847
20210,91,18.0,17.0,33.0,4.5,31.2128,121.4818,31.2176,121.471
23336,91,45.0,37.0,40.0,5.0,31.2417,121.456,31.2383,121.4788
39759,91,35.0,36.0,34.0,4.6000000000000005,31.2302,121.453,31.232,121.4688
7918,91,75.0,56.0,43.0,5.5,31.2761,121.457,31.2576,121.467
19473,91,84.0,76.0,36.0,4.6,31.2864,121.4494,31.2759,121.4635
22982,92,24.0,24.0,26.0,3.8,31.2235,121.4481,31.2276,121.4441
13956,92,69.0,58.0,39.0,5.0,31.2671,121.4972,31.2536,121.4848
9316,92,35.0,15.0,46.0,5.6000000000000005,31.2378,121.4568,31.2132,121.4534
38246,92,24.0,24.0,26.0,3.8,31.2258,121.4479,31.2282,121.4483
32064,92,90.0,80.0,30.0,4.4,31.2969,121.4022,31.2896,121.4099
21534,93,75.0,54.0,47.0,5.699999999999999,31.2772,121.453,31.2504,121.4425
19278,93,84.0,87.0,47.0,6.0,31.2883,121.4429,31.2871,121.4723
23191,93,75.0,64.0,38.0,4.4,31.2799,121.4582,31.2696,121.4477
25313,93,24.0,36.0,46.0,5.6000000000000005,31.2203,121.4462,31.2393,121.4656
36800,93,75.0,44.0,56.0,6.9,31.2779,121.4547,31.2431,121.443
27442,93,75.0,74.0,32.0,4.4,31.2795,121.4575,31.2754,121.4498
44841,93,75.0,86.0,31.0,4.1,31.2781,121.4502,31.2845,121.4605
23559,94,47.0,57.0,31.0,4.3,31.2465,121.4783,31.2549,121.4715
8709,94,75.0,85.0,32.0,3.8,31.2764,121.4598,31.2847,121.4587
12300,94,12.0,12.0,25.0,3.7,31.2165,121.4222,31.2169,121.4243
20809,94,18.0,18.0,28.0,3.8,31.2134,121.4872,31.2123,121.4817
36469,94,25.0,35.0,33.0,4.3,31.222,121.4577,31.231,121.4501
39267,94,75.0,75.0,28.0,3.9,31.2798,121.4554,31.2751,121.4516
19113,94,22.0,32.0,24.0,3.6,31.2292,121.4243,31.2309,121.42
33867,95,11.0,31.0,43.0,5.5,31.2186,121.4139,31.2388,121.41
28113,95,95.0,96.0,30.0,4.3,31.2924,121.4511,31.2959,121.463
15489,95,71.0,80.0,41.0,5.5,31.2706,121.4147,31.2892,121.4008
39765,95,69.0,77.0,40.0,4.9,31.2639,121.4922,31.2706,121.4719
43677,95,33.0,34.0,28.0,4.0,31.2332,121.4394,31.2341,121.4433
965,95,18.0,18.0,29.0,3.9,31.2111,121.48,31.2181,121.4837
40112,95,75.0,65.0,30.0,4.3,31.2713,121.4523,31.2651,121.4502
3328,95,11.0,31.0,46.0,6.1,31.2124,121.4159,31.2396,121.4168
45404,95,77.0,65.0,41.0,4.9,31.2778,121.4774,31.27,121.4565
19975,96,75.0,63.0,42.0,5.5,31.2755,121.4578,31.2637,121.4392
35248,96,75.0,64.0,38.0,4.9,31.2799,121.4537,31.2663,121.4426
9792,96,57.0,47.0,31.0,4.2,31.2563,121.4716,31.2477,121.4713
39246,96,75.0,84.0,36.0,4.4,31.273,121.4573,31.2835,121.4464
43379,96,95.0,96.0,32.0,4.800000000000001,31.2924,121.4511,31.2961,121.4661
2153,96,74.0,83.0,27.0,3.8,31.2785,121.4419,31.2808,121.4345
32248,96,25.0,27.0,41.0,5.2,31.2284,121.4592,31.2221,121.4792
8803,97,16.0,15.0,30.0,4.1,31.2177,121.4611,31.2168,121.4545
2547,97,36.0,24.0,46.0,5.5,31.2334,121.4664,31.2206,121.4444
9778,97,18.0,17.0,34.0,4.0,31.2111,121.48,31.2166,121.4702
10856,97,25.0,36.0,37.0,4.6000000000000005,31.2245,121.4598,31.2378,121.463
27069,97,35.0,25.0,33.0,4.7,31.2323,121.4515,31.222,121.454
33085,97,36.0,24.0,42.0,5.5,31.238,121.4646,31.2238,121.4466
2303,97,6.0,6.0,26.0,4.3,31.2051,121.4621,31.2098,121.4616
5874,98,44.0,44.0,26.0,3.5,31.2458,121.4456,31.2475,121.4467
33054,98,7.0,5.0,36.0,5.199999999999999,31.2097,121.4792,31.2058,121.4587
8679,98,62.0,72.0,34.0,4.0,31.264,121.4242,31.2734,121.427
6012,98,71.0,61.0,32.0,4.3,31.2747,121.4126,31.2639,121.4154
18771,98,24.0,24.0,25.0,3.7,31.2211,121.4432,31.221,121.4449
38999,99,90.0,70.0,47.0,5.800000000000001,31.2969,121.4022,31.2704,121.4035
33377,99,75.0,64.0,35.0,4.5,31.2797,121.4558,31.267,121.4482
24308,99,24.0,24.0,28.0,3.7,31.2259,121.45,31.2283,121.444
4925,99,45.0,45.0,24.0,4.1,31.2474,121.4528,31.2499,121.4528
22902,99,35.0,24.0,33.0,4.3,31.2383,121.459,31.2289,121.45
4987,99,11.0,11.0,30.0,3.8,31.21,121.4144,31.2127,121.419
29905,99,90.0,93.0,46.0,5.5,31.296,121.401,31.29,121.4314
24633,99,71.0,81.0,35.0,4.6000000000000005,31.279,121.4146,31.2898,121.4199
19810,100,22.0,24.0,36.0,4.7,31.2237,121.4242,31.2293,121.4405
35856,100,27.0,26.0,36.0,5.1000000000000005,31.2267,121.4772,31.2242,121.4606
13364,100,75.0,76.0,30.0,4.5,31.2751,121.4579,31.277,121.4699
25196,100,2.0,13.0,46.0,5.5,31.2003,121.42,31.2177,121.4398
9333,100,75.0,84.0,32.0,4.5,31.2713,121.4532,31.2805,121.4487
10506,100,75.0,65.0,36.0,4.4,31.2787,121.4552,31.2651,121.453
36008,100,35.0,25.0,33.0,4.5,31.2375,121.4595,31.2291,121.4556
29741,100,76.0,67.0,34.0,4.7,31.2759,121.4696,31.2682,121.4775
24751,100,77.0,66.0,39.0,5.3,31.2784,121.4785,31.2698,121.4612
22754,101,84.0,94.0,33.0,4.3,31.2883,121.4429,31.2992,121.4477
24589,101,75.0,74.0,32.0,4.800000000000001,31.2761,121.457,31.2784,121.4434
7209,101,31.0,41.0,36.0,4.5,31.2324,121.4117,31.244,121.4105
45115,101,56.0,56.0,24.0,3.4,31.2543,121.464,31.252,121.4618
5958,101,6.0,5.0,35.0,4.4,31.2048,121.4696,31.2019,121.4558
9328,101,75.0,74.0,32.0,4.4,31.2782,121.4571,31.2793,121.4473
37260,101,77.0,78.0,34.0,4.5,31.276,121.4724,31.2711,121.4823
10511,101,75.0,75.0,25.0,3.8,31.2779,121.4547,31.2763,121.454
44762,101,75.0,53.0,44.0,5.6,31.2719,121.4509,31.2528,121.4377
5942,102,84.0,73.0,32.0,4.5,31.282,121.4407,31.2768,121.4312
28477,102,17.0,17.0,26.0,3.7,31.2138,121.4771,31.2114,121.4705
5716,102,6.0,17.0,40.0,4.8,31.2051,121.4607,31.215,121.4758
10706,102,75.0,65.0,36.0,4.3,31.2797,121.4558,31.2684,121.4593
29199,102,31.0,50.0,44.0,5.9,31.234,121.4145,31.2558,121.4037
43741,102,17.0,17.0,27.0,4.1,31.2144,121.4709,31.2193,121.4736
20692,102,33.0,42.0,33.0,4.2,31.23,121.4355,31.2413,121.4272
20424,102,77.0,59.0,43.0,5.6,31.2709,121.4737,31.2565,121.4934
26946,103,11.0,12.0,34.0,4.5,31.2109,121.412,31.2181,121.4257
33800,103,12.0,14.0,40.0,5.0,31.2135,121.4231,31.2156,121.4465
10238,103,31.0,31.0,33.0,4.3,31.2392,121.4189,31.23,121.4138
9426,103,77.0,76.0,32.0,4.0,31.272,121.4726,31.2779,121.4624
43066,103,31.0,30.0,24.0,3.2,31.2335,121.4105,31.2334,121.4096
6171,103,54.0,52.0,39.0,4.9,31.2541,121.4465,31.2533,121.4276
8955,104,15.0,5.0,36.0,4.7,31.2192,121.4517,31.2045,121.4577
3379,104,75.0,55.0,36.0,4.9,31.272,121.4514,31.26,121.4583
36401,104,44.0,43.0,27.0,3.5,31.2415,121.4448,31.2424,121.4398
29286,104,71.0,61.0,33.0,4.2,31.2729,121.4109,31.2639,121.4107
17992,104,18.0,19.0,32.0,4.2,31.2167,121.4811,31.2181,121.4946
35414,104,71.0,52.0,45.0,5.4,31.2747,121.4126,31.253,121.4261
17233,104,11.0,1.0,36.0,4.9,31.2187,121.4147,31.2071,121.4131
3374,104,75.0,56.0,41.0,5.3,31.273,121.4573,31.2536,121.4675
36371,104,12.0,21.0,32.0,3.8,31.215,121.4262,31.2204,121.4183
25683,104,6.0,8.0,34.0,4.4,31.204,121.4664,31.2081,121.4841
43331,104,25.0,14.0,29.0,4.3,31.2237,121.4537,31.2193,121.4446
7813,105,77.0,76.0,28.0,3.6,31.2787,121.4727,31.2742,121.4688
3094,105,75.0,74.0,34.0,4.4,31.2714,121.4541,31.2728,121.4403
39207,105,12.0,12.0,28.0,3.5,31.2165,121.4222,31.2123,121.4218
11950,105,35.0,25.0,34.0,4.4,31.24,121.4575,31.2276,121.4515
5699,105,58.0,57.0,31.0,4.2,31.252,121.486,31.2554,121.4755
7473,105,62.0,63.0,37.0,4.4,31.264,121.4242,31.2663,121.44
1790,105,32.0,43.0,32.0,4.3,31.2397,121.4253,31.2484,121.4327
11077,105,69.0,69.0,23.0,3.5,31.2618,121.4906,31.2635,121.4907
1848,105,24.0,43.0,46.0,5.2,31.2214,121.4403,31.2447,121.4325
3470,105,75.0,55.0,40.0,5.3,31.2734,121.4563,31.2542,121.4578
45266,106,31.0,31.0,28.0,3.6,31.2323,121.4107,31.2385,121.4101
6228,106,58.0,47.0,40.0,5.0,31.2561,121.4855,31.2429,121.472
40810,106,57.0,76.0,48.0,5.5,31.2519,121.4721,31.2758,121.4629
10221,106,6.0,6.0,27.0,4.0,31.204,121.4664,31.2006,121.4609
4994,106,11.0,31.0,43.0,5.0,31.2107,121.4101,31.2324,121.4102
30526,106,16.0,14.0,37.0,4.9,31.212,121.4646,31.2102,121.4475
36836,106,31.0,1.0,50.0,6.3,31.2335,121.4105,31.2013,121.4144
34102,106,71.0,61.0,30.0,4.0,31.2729,121.4109,31.2679,121.4195
2961,106,35.0,26.0,32.0,4.800000000000001,31.2335,121.4565,31.2215,121.4617
25325,106,75.0,53.0,48.0,6.3,31.2755,121.4585,31.2529,121.4379
37005,106,31.0,31.0,24.0,3.8,31.2354,121.4196,31.2349,121.4155
1223,106,84.0,83.0,25.0,4.0,31.2816,121.4414,31.2824,121.4367
40468,106,31.0,42.0,37.0,5.0,31.2304,121.4128,31.2405,121.4292
35532,106,11.0,31.0,36.0,5.3,31.213,121.4198,31.2305,121.4196
37101,107,7.0,28.0,50.0,6.300000000000001,31.2008,121.4797,31.2299,121.484
20667,107,11.0,1.0,27.0,4.1,31.2146,121.4112,31.2097,121.4107
18527,107,24.0,32.0,41.0,5.0,31.2229,121.4434,31.2374,121.4254
38542,107,18.0,18.0,29.0,3.6,31.2167,121.4811,31.2182,121.4868
19724,107,25.0,16.0,33.0,4.3,31.2253,121.4583,31.2189,121.4698
31846,107,35.0,45.0,33.0,4.3,31.2335,121.4565,31.2457,121.4597
16577,107,35.0,45.0,27.0,3.9,31.2397,121.4546,31.245,121.4507
6873,107,75.0,94.0,44.0,5.1,31.275,121.4573,31.2906,121.4422
4049,107,11.0,31.0,45.0,5.7,31.211,121.4102,31.2334,121.4159
22394,107,69.0,68.0,30.0,3.9,31.2616,121.4932,31.2659,121.4894
7778,108,75.0,85.0,26.0,4.2,31.2782,121.4571,31.2805,121.4522
11544,108,18.0,29.0,42.0,5.3,31.2173,121.4813,31.2296,121.4978
15260,108,17.0,19.0,37.0,5.1,31.2112,121.4712,31.213,121.4905
22391,108,69.0,68.0,31.0,4.4,31.2606,121.4982,31.2649,121.4887
9733,108,77.0,78.0,34.0,4.2,31.2718,121.4719,31.272,121.4847
40890,108,77.0,88.0,36.0,4.5,31.2735,121.4759,31.2851,121.4853
19691,108,77.0,77.0,23.0,3.8,31.2763,121.4703,31.2775,121.4704
13864,108,23.0,34.0,33.0,4.7,31.2209,121.4321,31.2305,121.4402
6544,108,71.0,62.0,34.0,4.1,31.2786,121.4165,31.2686,121.4225
1558,108,25.0,25.0,26.0,3.8,31.2269,121.4582,31.2259,121.458
45220,109,44.0,54.0,38.0,4.9,31.2415,121.4448,31.2588,121.447
29801,109,71.0,60.0,38.0,4.4,31.2785,121.418,31.2684,121.4064
42810,109,15.0,19.0,56.0,6.5,31.2192,121.4517,31.2145,121.4918
38666,109,56.0,66.0,34.0,4.6000000000000005,31.2507,121.4667,31.2652,121.4636
14695,109,11.0,11.0,29.0,4.2,31.2102,121.4198,31.2141,121.4167
1817,109,57.0,47.0,34.0,4.5,31.2563,121.4716,31.2446,121.471
20628,109,18.0,8.0,35.0,4.4,31.219,121.4885,31.2068,121.4864
3274,109,75.0,64.0,34.0,4.6,31.2717,121.4558,31.2619,121.4495
32909,109,75.0,55.0,46.0,6.0,31.2782,121.4571,31.2514,121.4543
13795,109,15.0,14.0,34.0,4.5,31.2163,121.4588,31.2179,121.4474
42832,110,77.0,87.0,32.0,4.3,31.276,121.4724,31.2824,121.4792
3763,110,71.0,70.0,33.0,4.1,31.2718,121.4164,31.278,121.4085
29728,110,15.0,14.0,30.0,4.7,31.2186,121.4593,31.2195,121.4484
11246,110,11.0,1.0,31.0,4.6,31.2102,121.4198,31.2048,121.4112
19266,110,43.0,44.0,30.0,4.1,31.2434,121.4352,31.2484,121.4452
31009,110,75.0,75.0,26.0,3.9,31.2714,121.4541,31.2713,121.452
23487,110,90.0,90.0,29.0,3.7,31.2969,121.4022,31.2914,121.4027
42899,110,11.0,31.0,40.0,4.699999999999999,31.2139,121.4166,31.2317,121.4152
38932,110,7.0,7.0,32.0,3.9,31.2008,121.4797,31.2044,121.4717
35117,110,42.0,30.0,43.0,5.1,31.2487,121.4203,31.2305,121.4055
33966,111,18.0,18.0,29.0,3.7,31.216,121.4829,31.2192,121.4878
45335,111,57.0,57.0,29.0,3.6,31.2512,121.4754,31.2558,121.4779
11463,111,98.0,99.0,30.0,4.2,31.2925,121.4832,31.2907,121.4938
23648,111,25.0,35.0,27.0,4.1,31.2294,121.4534,31.2345,121.4562
14877,111,11.0,2.0,35.0,5.1000000000000005,31.2188,121.4152,31.2066,121.4244
7073,111,25.0,26.0,27.0,4.2,31.2261,121.4596,31.2242,121.4666
1832,111,22.0,33.0,39.0,5.1,31.2216,121.4241,31.2369,121.4392
8379,111,25.0,35.0,31.0,3.9,31.2269,121.4582,31.2337,121.457
29425,111,84.0,83.0,32.0,4.6000000000000005,31.2804,121.4455,31.29,121.4373
899,111,37.0,27.0,37.0,5.199999999999999,31.2373,121.4751,31.2208,121.4707
8967,111,25.0,25.0,24.0,3.8,31.228,121.4563,31.225,121.4534
6758,111,27.0,27.0,26.0,3.9,31.2226,121.4737,31.2268,121.4753
6164,111,56.0,46.0,34.0,5.1000000000000005,31.2571,121.4627,31.2422,121.4681
262,112,84.0,64.0,43.0,5.7,31.2884,121.4409,31.2641,121.4425
16992,112,18.0,29.0,35.0,4.6000000000000005,31.2128,121.4818,31.2201,121.4978
20380,112,25.0,25.0,26.0,3.3000000000000003,31.2222,121.4568,31.2233,121.4558
13666,112,75.0,64.0,27.0,3.9,31.2701,121.4523,31.2664,121.4491
4734,112,15.0,15.0,27.0,4.0,31.2148,121.4546,31.2128,121.4528
41437,112,34.0,33.0,28.0,3.6,31.238,121.4402,31.2332,121.4398
25852,112,45.0,55.0,38.0,4.5,31.2417,121.456,31.2568,121.4555
24938,112,25.0,6.0,44.0,5.800000000000001,31.2245,121.4598,31.2008,121.4644
39484,112,13.0,2.0,33.0,4.2,31.2138,121.4308,31.2049,121.424
21693,112,24.0,35.0,36.0,4.9,31.2214,121.4423,31.2307,121.455
41121,112,45.0,55.0,32.0,4.7,31.2417,121.456,31.2522,121.4551
23979,112,75.0,74.0,32.0,4.4,31.2706,121.4532,31.2708,121.444
45769,112,11.0,3.0,43.0,5.2,31.2107,121.4101,31.2018,121.4362
40006,113,31.0,21.0,34.0,5.0,31.2359,121.4171,31.222,121.4161
3828,113,27.0,18.0,36.0,5.3,31.224,121.4771,31.2106,121.4889
45270,113,47.0,45.0,36.0,4.9,31.2428,121.4735,31.2406,121.458
40644,113,25.0,27.0,30.0,4.1,31.222,121.4577,31.2228,121.4706
30082,113,11.0,12.0,39.0,5.3,31.2197,121.4108,31.212,121.4293
22537,113,6.0,5.0,32.0,4.3,31.2058,121.4657,31.2018,121.4523
19754,113,67.0,87.0,40.0,5.5,31.2624,121.4722,31.2828,121.4764
18396,113,67.0,77.0,27.0,4.0,31.2691,121.4713,31.2741,121.4744
6123,113,44.0,43.0,28.0,4.2,31.2448,121.4493,31.2416,121.4396
23485,113,90.0,91.0,39.0,5.0,31.2987,121.4007,31.2911,121.4194
26027,113,61.0,81.0,44.0,5.2,31.265,121.4126,31.2855,121.415
1959,113,33.0,44.0,40.0,5.0,31.2305,121.4318,31.2408,121.4487
32005,114,5.0,17.0,39.0,5.2,31.2078,121.4564,31.2187,121.4734
11702,114,68.0,58.0,29.0,3.8,31.2626,121.4855,31.2596,121.4811
10084,114,57.0,59.0,37.0,4.699999999999999,31.2555,121.4761,31.2515,121.4963
21273,114,71.0,50.0,43.0,5.5,31.2719,121.4121,31.2506,121.4079
17667,114,56.0,56.0,24.0,4.1,31.2514,121.4666,31.2541,121.4685
29639,114,35.0,15.0,45.0,5.6000000000000005,31.2356,121.4518,31.2122,121.4567
30008,114,46.0,45.0,28.0,3.8,31.2432,121.4674,31.2454,121.4573
42347,114,0.0,10.0,29.0,3.7,31.2078,121.4007,31.2121,121.4066
9460,114,2.0,2.0,26.0,3.2,31.2036,121.4276,31.2048,121.4295
678,114,0.0,10.0,28.0,4.3,31.2062,121.4039,31.2134,121.4092
38951,114,71.0,71.0,24.0,3.9,31.2711,121.42,31.2702,121.417
44902,114,84.0,66.0,48.0,6.3,31.2846,121.4463,31.2607,121.4635
40666,114,63.0,64.0,29.0,4.0,31.2684,121.435,31.2624,121.441
37233,114,23.0,11.0,38.0,4.8,31.2221,121.4345,31.216,121.4162
18882,115,84.0,94.0,32.0,4.7,31.2846,121.4463,31.2937,121.4477
13404,115,22.0,44.0,49.0,6.200000000000001,31.2268,121.4202,31.2469,121.4473
43771,115,58.0,68.0,37.0,5.3,31.2513,121.4844,31.2689,121.4843
13066,115,11.0,30.0,39.0,5.2,31.2104,121.4115,31.23,121.4082
14765,115,22.0,33.0,38.0,4.800000000000001,31.2247,121.4285,31.2392,121.43
41324,115,22.0,22.0,28.0,3.7,31.2237,121.4242,31.2282,121.4225
1017,115,11.0,1.0,32.0,4.2,31.2124,121.4159,31.2043,121.4162
6853,115,34.0,32.0,38.0,4.8,31.236,121.4469,31.2313,121.4242
12807,115,71.0,70.0,35.0,4.7,31.2711,121.42,31.2709,121.4064
6427,115,18.0,19.0,31.0,4.0,31.2143,121.4802,31.211,121.4916
21496,115,58.0,48.0,33.0,4.2,31.2571,121.4841,31.2461,121.4892
8971,115,25.0,27.0,41.0,5.6,31.2273,121.455,31.2235,121.4795
41472,115,22.0,25.0,47.0,5.8,31.2223,121.4209,31.2224,121.4536
28174,115,31.0,32.0,30.0,3.8,31.23,121.4159,31.2339,121.4217
12581,116,11.0,11.0,32.0,4.4,31.21,121.4144,31.2195,121.4163
13361,116,75.0,74.0,30.0,4.7,31.273,121.4573,31.279,121.447
25474,116,17.0,17.0,30.0,4.1,31.2116,121.4789,31.217,121.475
40743,116,17.0,17.0,28.0,3.8,31.2124,121.4773,31.2164,121.4748
28628,116,75.0,64.0,33.0,4.5,31.2761,121.457,31.2696,121.4464
29195,116,33.0,34.0,36.0,4.800000000000001,31.2305,121.4318,31.2368,121.4428
14006,116,12.0,22.0,30.0,4.0,31.215,121.4262,31.2213,121.4224
17744,116,84.0,83.0,36.0,4.6000000000000005,31.2804,121.4455,31.2864,121.4308
19600,116,47.0,37.0,37.0,4.8,31.2475,121.4724,31.2316,121.4782
33928,116,33.0,43.0,31.0,4.3,31.2346,121.4326,31.2436,121.4367
1958,116,7.0,7.0,28.0,4.0,31.2008,121.4797,31.2006,121.4705
2536,116,7.0,8.0,24.0,3.4,31.2015,121.4765,31.2,121.481
13923,116,11.0,11.0,26.0,3.6,31.213,121.4198,31.2111,121.4162
8937,116,22.0,33.0,33.0,4.6000000000000005,31.229,121.4257,31.2364,121.4385
36179,117,94.0,73.0,44.0,5.9,31.2977,121.4402,31.2741,121.4375
3587,117,52.0,52.0,27.0,4.2,31.252,121.4206,31.2548,121.4254
33698,117,46.0,45.0,33.0,4.7,31.2431,121.462,31.2448,121.4501
8167,117,75.0,85.0,44.0,5.3,31.2702,121.4591,31.2897,121.4506
12066,117,77.0,78.0,31.0,4.4,31.2758,121.4751,31.2779,121.4852
10975,117,56.0,55.0,31.0,4.7,31.2501,121.4679,31.2532,121.4571
19485,117,25.0,25.0,29.0,3.6,31.2265,121.4529,31.2242,121.4587
38565,117,35.0,26.0,38.0,4.800000000000001,31.2361,121.4527,31.2293,121.4664
350,117,17.0,6.0,35.0,4.9,31.2144,121.4709,31.2002,121.4677
29921,117,6.0,5.0,30.0,3.7,31.2051,121.4621,31.2012,121.4582
21817,117,71.0,61.0,25.0,3.6,31.2711,121.42,31.2693,121.4195
20426,117,77.0,88.0,41.0,5.0,31.272,121.4726,31.2843,121.4887
21888,117,18.0,18.0,28.0,4.3,31.2173,121.4813,31.2125,121.4849
40572,117,23.0,22.0,33.0,4.3,31.2256,121.438,31.2294,121.4244
23302,117,35.0,26.0,34.0,4.6,31.2302,121.453,31.2256,121.4638
25676,118,89.0,88.0,25.0,4.1,31.2859,121.4915,31.2877,121.4875
11650,118,44.0,23.0,39.0,5.3,31.2436,121.444,31.2252,121.44
2872,118,75.0,75.0,31.0,4.3,31.272,121.4514,31.2799,121.4501
44941,118,0.0,2.0,37.0,5.3,31.2093,121.4064,31.2013,121.4245
31305,118,33.0,53.0,44.0,6.0,31.231,121.4369,31.2557,121.4396
11656,118,7.0,7.0,25.0,3.7,31.2032,121.4777,31.2028,121.4771
23641,118,69.0,59.0,27.0,4.1,31.2618,121.4906,31.2593,121.4916
8115,118,71.0,61.0,33.0,4.5,31.2718,121.4164,31.2617,121.4177
42631,118,75.0,65.0,32.0,4.3,31.2754,121.4501,31.2676,121.45
21251,118,44.0,34.0,30.0,4.3,31.2444,121.4419,31.2393,121.4482
33774,118,25.0,25.0,27.0,3.8,31.2273,121.455,31.2235,121.4579
37154,118,18.0,18.0,29.0,4.0,31.2167,121.4811,31.2179,121.4881
31165,118,75.0,64.0,41.0,5.3,31.2795,121.4575,31.2636,121.4473
17251,118,6.0,6.0,28.0,4.3,31.204,121.4664,31.2082,121.4683
34680,118,33.0,32.0,32.0,4.3,31.2346,121.4326,31.2318,121.4221
9983,118,15.0,15.0,28.0,3.7,31.2155,121.4508,31.2199,121.4524
10033,118,23.0,22.0,30.0,3.9,31.2256,121.438,31.2259,121.4299
418,118,18.0,18.0,25.0,3.4,31.2128,121.4818,31.2148,121.4849
3715,119,84.0,83.0,36.0,5.1000000000000005,31.2864,121.4494,31.2813,121.4343
18878,119,0.0,0.0,27.0,4.2,31.2023,121.4008,31.2052,121.4051
9740,119,90.0,91.0,34.0,4.2,31.296,121.401,31.2914,121.4126
36389,119,11.0,12.0,38.0,4.800000000000001,31.2109,121.412,31.2175,121.4283
33546,119,6.0,5.0,31.0,4.0,31.2014,121.4688,31.2007,121.457
38155,119,7.0,5.0,38.0,5.0,31.2032,121.4777,31.2049,121.4548
20673,119,44.0,44.0,28.0,3.9,31.2421,121.4471,31.2487,121.4462
13310,119,71.0,60.0,37.0,4.7,31.279,121.4146,31.2661,121.405
719,119,61.0,90.0,55.0,6.9,31.2635,121.4193,31.2965,121.404
37531,119,24.0,24.0,27.0,3.4,31.2244,121.4482,31.2261,121.445
44399,119,23.0,44.0,42.0,5.7,31.2256,121.438,31.2463,121.4449
30429,119,11.0,1.0,30.0,4.0,31.2159,121.416,31.2083,121.4184
34001,119,75.0,76.0,29.0,4.4,31.2734,121.4563,31.2756,121.4664
39977,119,25.0,34.0,33.0,4.7,31.221,121.4568,31.2321,121.45
35831,119,22.0,23.0,31.0,4.7,31.2292,121.4243,31.2283,121.4359
34348,120,24.0,24.0,22.0,3.2,31.2203,121.4462,31.2206,121.4476
32459,120,44.0,33.0,29.0,4.2,31.2435,121.4452,31.2372,121.4397
15767,120,75.0,53.0,47.0,5.9,31.2714,121.4541,31.2531,121.4326
5943,120,68.0,59.0,31.0,4.5,31.2656,121.4871,31.2596,121.4911
22996,120,36.0,25.0,31.0,4.0,31.2364,121.4628,31.2263,121.4597
15751,120,75.0,64.0,38.0,4.4,31.2779,121.4547,31.2642,121.4494
18654,120,75.0,74.0,28.0,4.1,31.2743,121.4511,31.2786,121.4475
8933,120,22.0,33.0,35.0,4.800000000000001,31.2261,121.4274,31.2369,121.4343
3368,120,75.0,85.0,26.0,3.8,31.2754,121.4501,31.2817,121.4524
33157,120,24.0,43.0,39.0,5.199999999999999,31.2266,121.4427,31.2417,121.4319
514,120,45.0,25.0,40.0,5.5,31.2474,121.4578,31.2268,121.4554
34784,120,6.0,7.0,24.0,3.8,31.2014,121.4688,31.2048,121.4716
10529,120,75.0,55.0,42.0,5.4,31.2788,121.4563,31.2556,121.4521
15676,120,34.0,45.0,40.0,4.8,31.238,121.4402,31.2478,121.4578
34246,120,84.0,82.0,42.0,5.2,31.2864,121.4494,31.2818,121.4241
42385,120,99.0,98.0,36.0,4.4,31.2929,121.4992,31.2952,121.4837
4849,121,7.0,7.0,23.0,3.2,31.202,121.48,31.2005,121.48
39616,121,42.0,43.0,33.0,4.7,31.2425,121.4247,31.2464,121.4361
20118,121,7.0,7.0,31.0,4.1,31.2025,121.4797,31.2098,121.4734
41126,121,24.0,34.0,31.0,4.4,31.2229,121.4434,31.2326,121.4481
42969,121,88.0,89.0,34.0,4.1,31.2876,121.4881,31.283,121.4998
12458,121,95.0,94.0,23.0,3.6,31.2924,121.4511,31.2929,121.4496
44165,121,75.0,76.0,30.0,4.3,31.2795,121.4575,31.2769,121.4639
31075,121,43.0,45.0,44.0,5.3,31.2417,121.433,31.2484,121.4555
29149,121,97.0,98.0,36.0,4.800000000000001,31.293,121.47,31.2966,121.4836
9008,121,34.0,25.0,36.0,4.9,31.2398,121.4443,31.2293,121.4566
28880,121,75.0,76.0,27.0,3.7,31.2734,121.4563,31.2765,121.4625
39242,121,75.0,53.0,53.0,6.7,31.2764,121.457,31.251,121.4343
38242,121,24.0,24.0,25.0,3.8,31.2262,121.4493,31.2231,121.4476
37074,121,13.0,13.0,30.0,4.1,31.2112,121.4321,31.2199,121.4374
31232,121,7.0,17.0,31.0,4.1,31.2008,121.4797,31.2109,121.4798
11909,121,77.0,78.0,30.0,4.2,31.2778,121.4774,31.2722,121.4804
17961,121,37.0,38.0,33.0,4.3,31.2307,121.4767,31.2382,121.4879
28889,121,75.0,76.0,40.0,4.699999999999999,31.2778,121.4518,31.2705,121.4682
37205,122,44.0,45.0,30.0,4.0,31.2458,121.4456,31.2425,121.4504
39578,122,24.0,34.0,31.0,3.9,31.2233,121.4449,31.2301,121.4477
18816,122,11.0,11.0,32.0,4.1,31.2171,121.414,31.2107,121.4166
31832,122,75.0,75.0,29.0,4.3,31.2743,121.4511,31.2704,121.4553
14110,122,71.0,81.0,30.0,4.1,31.2718,121.4164,31.2822,121.4193
1681,122,27.0,17.0,32.0,4.3,31.2267,121.4772,31.2148,121.4721
37091,122,27.0,18.0,35.0,4.3,31.222,121.4722,31.2116,121.4816
41855,122,24.0,22.0,36.0,4.9,31.2278,121.4411,31.2264,121.4262
437,122,32.0,31.0,33.0,4.0,31.2337,121.4227,31.2317,121.4115
10216,122,24.0,24.0,25.0,4.1,31.2244,121.4482,31.2209,121.4488
38625,122,19.0,18.0,34.0,4.5,31.2144,121.4969,31.2165,121.4834
7297,122,49.0,67.0,47.0,6.0,31.2428,121.4969,31.2645,121.477
8367,122,56.0,65.0,34.0,4.4,31.2571,121.4627,31.2666,121.4588
18891,122,57.0,77.0,37.0,4.9,31.2581,121.4703,31.2734,121.4751
30084,122,11.0,22.0,36.0,4.800000000000001,31.2139,121.4137,31.2208,121.4261
27703,122,6.0,7.0,31.0,4.5,31.204,121.4664,31.2095,121.4716
38507,123,25.0,25.0,26.0,4.2,31.2237,121.4537,31.2276,121.4508
13298,123,75.0,75.0,26.0,4.1,31.2701,121.452,31.2724,121.4567
38975,123,69.0,69.0,24.0,3.5,31.2671,121.4972,31.2639,121.4963
36902,123,24.0,13.0,35.0,4.7,31.2258,121.4479,31.2161,121.4335
41068,123,84.0,64.0,35.0,4.6000000000000005,31.282,121.4407,31.2695,121.4441
11857,123,34.0,35.0,27.0,4.3,31.2329,121.4453,31.2303,121.4525
7969,123,25.0,25.0,22.0,3.7,31.2283,121.4558,31.2273,121.4575
11160,123,24.0,24.0,33.0,4.0,31.2216,121.4493,31.2295,121.4413
27193,123,77.0,78.0,33.0,4.0,31.2784,121.4785,31.2709,121.4864
4560,123,17.0,6.0,28.0,4.5,31.2112,121.4712,31.2031,121.4679
20629,123,8.0,8.0,26.0,4.0,31.2076,121.4825,31.2047,121.4853
23815,123,75.0,54.0,41.0,5.5,31.2764,121.4598,31.2578,121.4493
41697,123,24.0,24.0,23.0,3.9,31.2204,121.4481,31.2226,121.4479
23637,123,56.0,56.0,25.0,3.8,31.2516,121.4647,31.2524,121.4656
36408,123,33.0,54.0,46.0,5.6000000000000005,31.2349,121.4303,31.2557,121.4479
42464,123,77.0,79.0,36.0,4.699999999999999,31.2707,121.4788,31.272,121.4979
14337,124,6.0,6.0,24.0,3.9,31.2063,121.4679,31.2042,121.466
31858,124,44.0,33.0,39.0,5.1,31.2467,121.4406,31.2322,121.4318
20921,124,67.0,68.0,30.0,4.4,31.2687,121.4721,31.266,121.4803
45637,124,47.0,58.0,32.0,4.4,31.2475,121.4724,31.2554,121.4804
36396,124,2.0,3.0,29.0,4.0,31.2009,121.4216,31.2033,121.4317
10541,124,16.0,15.0,29.0,4.4,31.212,121.4646,31.2145,121.4553
36414,124,33.0,54.0,46.0,5.4,31.2305,121.4318,31.2529,121.4458
4254,124,26.0,35.0,40.0,5.3,31.2236,121.4662,31.2383,121.4565
12919,124,75.0,86.0,36.0,4.7,31.2754,121.4501,31.284,121.4609
28134,124,24.0,25.0,32.0,4.0,31.2278,121.4445,31.2269,121.4552
31592,124,35.0,35.0,27.0,3.4,31.2309,121.459,31.234,121.4572
36145,124,75.0,64.0,32.0,4.4,31.2717,121.4558,31.2615,121.4468
21945,124,22.0,21.0,32.0,3.9,31.228,121.4253,31.2229,121.4194
19881,124,34.0,43.0,36.0,4.2,31.2398,121.4443,31.2445,121.4302
19597,125,22.0,32.0,28.0,4.1,31.229,121.4257,31.2306,121.4294
12053,125,17.0,6.0,31.0,4.4,31.2112,121.4712,31.206,121.4622
7044,125,24.0,24.0,26.0,3.9,31.2235,121.4481,31.2218,121.4419
17443,125,35.0,35.0,26.0,3.5,31.2351,121.4544,31.2315,121.4542
17027,125,94.0,94.0,29.0,4.5,31.2906,121.4418,31.2974,121.4471
20903,125,75.0,75.0,30.0,4.0,31.2788,121.4563,31.2737,121.4511
252,125,94.0,85.0,37.0,4.6,31.296,121.446,31.2837,121.4581
59,125,75.0,42.0,59.0,6.6,31.2728,121.4597,31.2488,121.4216
14346,125,45.0,46.0,27.0,4.0,31.2475,121.4562,31.2486,121.4617
21871,125,94.0,93.0,36.0,4.9,31.296,121.446,31.2942,121.4305
28947,125,75.0,85.0,32.0,4.5,31.2782,121.4571,31.289,121.4507
39798,125,38.0,38.0,26.0,3.6,31.2381,121.4852,31.238,121.4816
17830,125,57.0,65.0,40.0,5.2,31.2539,121.4757,31.2675,121.456
30703,125,36.0,45.0,32.0,4.7,31.2302,121.4612,31.2402,121.4553
12648,125,25.0,26.0,34.0,4.1,31.2218,121.4565,31.2217,121.469
13941,125,45.0,35.0,32.0,4.3,31.2417,121.456,31.234,121.455
30610,125,75.0,42.0,61.0,7.1000000000000005,31.2778,121.4566,31.2475,121.4251
15521,125,94.0,85.0,35.0,4.9,31.296,121.446,31.2846,121.4519
4141,126,33.0,34.0,29.0,3.7,31.2332,121.4394,31.2375,121.444
26237,126,61.0,70.0,36.0,4.6000000000000005,31.265,121.4126,31.2797,121.4081
19199,126,75.0,63.0,42.0,5.4,31.2787,121.4552,31.2688,121.4321
45104,126,56.0,55.0,26.0,4.3,31.2516,121.4647,31.2556,121.4588
34026,126,45.0,46.0,31.0,4.3,31.2405,121.4593,31.2439,121.4681
35169,126,16.0,13.0,54.0,6.4,31.2163,121.4699,31.2128,121.43
16706,126,35.0,25.0,32.0,4.7,31.2383,121.459,31.2285,121.4522
3913,126,75.0,73.0,44.0,5.5,31.2782,121.4571,31.2718,121.4308
20111,126,13.0,4.0,36.0,4.4,31.216,121.4381,31.2045,121.4465
42494,126,35.0,16.0,50.0,6.1000000000000005,31.2397,121.4545,31.2114,121.4636
18757,126,45.0,46.0,32.0,4.6,31.2433,121.4554,31.2483,121.4648
35411,126,71.0,71.0,27.0,3.7,31.2721,121.412,31.2757,121.4116
21310,126,18.0,18.0,25.0,3.6,31.2192,121.4808,31.2183,121.4832
41027,126,34.0,44.0,35.0,4.2,31.238,121.4402,31.249,121.4483
32782,126,6.0,7.0,30.0,4.3,31.2059,121.4635,31.208,121.4738
17049,126,31.0,32.0,37.0,4.9,31.2323,121.4107,31.2336,121.4295
25339,127,75.0,65.0,35.0,4.4,31.2761,121.457,31.2616,121.4549
18238,127,26.0,27.0,28.0,3.8,31.2248,121.4674,31.2253,121.4742
15253,127,15.0,15.0,26.0,3.7,31.2192,121.4517,31.2133,121.4547
27617,127,27.0,17.0,31.0,4.0,31.2243,121.4731,31.2172,121.4772
19596,127,22.0,32.0,29.0,4.1,31.229,121.4257,31.2368,121.422
17298,127,97.0,97.0,26.0,3.7,31.293,121.47,31.2936,121.4775
12348,127,27.0,17.0,31.0,3.8,31.2267,121.4772,31.2185,121.4731
329,127,37.0,25.0,40.0,5.7,31.2373,121.4751,31.2254,121.4554
25605,127,97.0,96.0,30.0,4.1,31.293,121.47,31.2904,121.4621
20384,127,25.0,25.0,28.0,4.2,31.226,121.4521,31.2209,121.4569
23650,127,45.0,45.0,27.0,4.0,31.2435,121.4538,31.2484,121.4508
12630,127,35.0,35.0,27.0,3.7,31.2309,121.459,31.2341,121.4587
20543,127,77.0,67.0,30.0,4.2,31.2758,121.4751,31.2675,121.4701
15305,127,71.0,70.0,26.0,3.7,31.2721,121.412,31.2762,121.4077
33255,127,17.0,19.0,41.0,4.9,31.2112,121.4712,31.2178,121.4921
31516,127,24.0,12.0,40.0,4.9,31.2235,121.4481,31.2179,121.4271
6261,128,75.0,75.0,28.0,4.2,31.2728,121.4597,31.275,121.4511
5923,128,71.0,90.0,41.0,5.2,31.2729,121.4109,31.2936,121.4048
44965,128,15.0,36.0,39.0,5.1,31.2163,121.4588,31.2316,121.4632
14568,128,6.0,16.0,41.0,5.0,31.2025,121.4695,31.2194,121.4603
42171,128,44.0,45.0,34.0,4.3,31.2444,121.4419,31.2454,121.4526
39426,128,45.0,53.0,41.0,5.3,31.2457,121.4558,31.2552,121.4346
10191,128,13.0,23.0,29.0,3.8,31.2164,121.4349,31.223,121.4307
2401,128,27.0,26.0,37.0,5.0,31.2245,121.4766,31.2248,121.4607
14427,128,15.0,36.0,42.0,5.0,31.2132,121.4588,31.2346,121.4639
44179,128,0.0,0.0,32.0,3.9,31.2023,121.4008,31.2044,121.4096
33468,128,15.0,14.0,33.0,4.7,31.2163,121.4588,31.2177,121.4433
36820,128,75.0,75.0,25.0,3.4,31.279,121.4546,31.2761,121.4542
1763,128,68.0,57.0,39.0,5.0,31.2668,121.489,31.2527,121.4782
11460,128,87.0,78.0,34.0,4.4,31.284,121.4715,31.2772,121.4865
18999,129,54.0,64.0,28.0,3.4,31.2597,121.4412,31.261,121.4449
21282,129,71.0,62.0,34.0,4.2,31.2703,121.4101,31.2665,121.4235
633,129,75.0,86.0,38.0,4.6,31.2767,121.45,31.2889,121.4626
10553,129,2.0,10.0,42.0,5.5,31.2041,121.425,31.218,121.4061
19565,129,15.0,24.0,42.0,5.7,31.2108,121.454,31.23,121.4463
23398,129,56.0,56.0,26.0,3.9,31.2514,121.4666,31.2552,121.4607
8973,129,15.0,15.0,28.0,3.5,31.2146,121.4536,31.2178,121.4518
28327,129,11.0,30.0,41.0,5.5,31.217,121.4109,31.2363,121.407
1049,129,35.0,24.0,29.0,4.5,31.2334,121.4519,31.2273,121.448
25042,129,22.0,43.0,40.0,5.5,31.2267,121.4236,31.2449,121.4332
33279,129,77.0,87.0,29.0,4.3,31.2778,121.4774,31.2816,121.4728
13065,129,11.0,20.0,31.0,3.8,31.2139,121.4137,31.2211,121.4092
12400,129,33.0,44.0,37.0,4.9,31.2346,121.4326,31.2469,121.4422
33856,130,24.0,24.0,32.0,4.2,31.2262,121.4479,31.2209,121.4421
569,130,2.0,3.0,33.0,4.4,31.2041,121.425,31.2016,121.4356
11055,130,2.0,2.0,30.0,4.2,31.2036,121.4276,31.2041,121.4216
12120,130,11.0,11.0,30.0,3.8,31.2107,121.4101,31.2174,121.4168
39564,130,75.0,53.0,51.0,6.000000000000001,31.2702,121.4591,31.2503,121.4328
17711,130,62.0,73.0,38.0,4.9,31.264,121.4242,31.2765,121.4351
36219,130,33.0,33.0,26.0,4.0,31.23,121.4355,31.2319,121.4325
45534,130,6.0,7.0,36.0,4.6000000000000005,31.2075,121.4653,31.2043,121.4785
543,130,90.0,81.0,37.0,5.0,31.2987,121.4007,31.2878,121.4173
40872,130,11.0,2.0,44.0,5.1,31.2174,121.4163,31.2,121.4294
1263,130,71.0,71.0,31.0,4.2,31.2711,121.42,31.2706,121.4109
17091,130,34.0,45.0,32.0,4.6000000000000005,31.2361,121.4452,31.2481,121.4518
13497,130,56.0,55.0,36.0,4.7,31.2501,121.4679,31.2544,121.4533
19876,131,34.0,13.0,43.0,5.6,31.236,121.4469,31.2192,121.4325
17559,131,6.0,8.0,41.0,5.1,31.2029,121.4614,31.2069,121.4831
30131,131,12.0,32.0,41.0,5.3,31.2165,121.4222,31.2347,121.4262
2281,131,6.0,7.0,31.0,4.6,31.2051,121.4621,31.2058,121.4732
44273,131,33.0,24.0,38.0,5.3,31.2349,121.4303,31.2248,121.4453
36720,131,23.0,22.0,31.0,4.1,31.2221,121.4345,31.2262,121.4267
37324,131,24.0,25.0,32.0,4.2,31.2263,121.4456,31.2251,121.4576
41839,131,0.0,11.0,38.0,4.8,31.2023,121.4008,31.2163,121.4138
27938,131,56.0,46.0,36.0,5.0,31.2543,121.464,31.24,121.469
2127,131,77.0,67.0,30.0,4.2,31.2709,121.4737,31.2612,121.472
16730,131,25.0,36.0,32.0,4.6,31.2294,121.4534,31.2377,121.4621
4607,131,34.0,13.0,45.0,5.800000000000001,31.2398,121.4443,31.2138,121.4383
26099,131,61.0,60.0,30.0,4.0,31.265,121.4126,31.2651,121.4026
45176,131,94.0,93.0,28.0,4.0,31.2977,121.4402,31.2933,121.4329
45704,132,33.0,35.0,35.0,4.6000000000000005,31.231,121.4369,31.2369,121.4501
20800,132,36.0,45.0,38.0,5.0,31.2364,121.469,31.2473,121.456
26625,132,25.0,17.0,40.0,4.9,31.2253,121.4583,31.2154,121.4735
24027,132,18.0,19.0,30.0,4.0,31.2137,121.4818,31.2185,121.4932
30435,132,33.0,35.0,46.0,5.5,31.2388,121.4312,31.2321,121.4589
39296,132,18.0,19.0,31.0,4.5,31.219,121.4885,31.2103,121.4966
42208,132,14.0,14.0,25.0,3.4,31.2137,121.447,31.2101,121.4465
29440,132,22.0,31.0,37.0,5.0,31.2266,121.4273,31.2395,121.4131
40664,132,2.0,11.0,34.0,4.7,31.2009,121.4216,31.21,121.4169
20948,132,33.0,33.0,29.0,4.1,31.23,121.4355,31.2377,121.4344
4146,132,34.0,23.0,40.0,5.1,31.236,121.4469,31.2217,121.4329
38540,132,18.0,8.0,30.0,4.7,31.2111,121.48,31.2026,121.4875
28644,133,75.0,64.0,31.0,4.0,31.2701,121.4523,31.2698,121.4441
36869,133,36.0,25.0,33.0,4.6,31.2364,121.4628,31.229,121.4559
4773,133,0.0,0.0,30.0,4.2,31.2088,121.4077,31.2039,121.4023
28636,133,75.0,64.0,33.0,4.4,31.2701,121.452,31.261,121.4449
24058,133,15.0,16.0,32.0,4.4,31.2155,121.4508,31.2128,121.4607
34702,133,6.0,16.0,29.0,4.2,31.2051,121.4607,31.2123,121.46
21096,133,13.0,15.0,38.0,4.4,31.2104,121.4345,31.212,121.4518
5817,133,11.0,2.0,43.0,5.6,31.2186,121.4122,31.2025,121.4277
299,133,11.0,22.0,30.0,3.7,31.2154,121.4175,31.2216,121.4201
34681,133,34.0,23.0,41.0,5.2,31.2398,121.4443,31.222,121.4347
39327,133,15.0,16.0,28.0,4.2,31.211,121.4567,31.2131,121.4614
21091,133,11.0,2.0,26.0,4.3,31.2138,121.4194,31.2087,121.4219
39903,134,71.0,71.0,26.0,3.9,31.2761,121.4138,31.2799,121.4186
6393,134,56.0,54.0,42.0,5.2,31.2513,121.4694,31.2518,121.4468
36477,134,24.0,23.0,32.0,4.5,31.2214,121.4437,31.2255,121.4374
8106,134,35.0,17.0,45.0,5.7,31.2317,121.4585,31.2124,121.473
14494,134,56.0,45.0,36.0,4.2,31.2516,121.4647,31.2418,121.4577
38433,134,6.0,17.0,31.0,4.0,31.2025,121.4695,31.2112,121.4722
36344,134,75.0,65.0,31.0,4.4,31.2754,121.4501,31.2655,121.4533
25112,134,11.0,12.0,31.0,4.0,31.2141,121.4105,31.2182,121.4208
24596,134,75.0,64.0,38.0,4.8,31.2751,121.4579,31.27,121.4402
12886,134,79.0,78.0,37.0,4.6,31.2765,121.5,31.2781,121.4812
10224,134,43.0,33.0,36.0,4.9,31.2482,121.4385,31.2345,121.4389
36876,135,25.0,25.0,31.0,4.5,31.2245,121.4593,31.226,121.4509
24871,135,75.0,65.0,34.0,4.6,31.2704,121.4515,31.2615,121.4532
19171,135,75.0,75.0,28.0,4.1,31.2797,121.4558,31.2757,121.4509
3408,135,42.0,45.0,44.0,5.7,31.2425,121.4247,31.2475,121.4547
7292,135,73.0,71.0,36.0,4.8,31.2765,121.4383,31.2759,121.418
45722,135,6.0,5.0,25.0,4.1,31.2098,121.4619,31.2074,121.4577
26904,135,45.0,35.0,32.0,4.0,31.2435,121.4538,31.235,121.4522
30619,135,69.0,67.0,40.0,5.3,31.2632,121.498,31.2637,121.4793
9596,135,75.0,55.0,36.0,4.4,31.2713,121.4532,31.2591,121.455
27702,135,6.0,8.0,40.0,5.0,31.2023,121.4625,31.2079,121.4808
12647,136,10.0,0.0,30.0,3.9,31.2115,121.4025,31.2048,121.4059
1546,136,98.0,89.0,37.0,4.7,31.2925,121.4832,31.285,121.4979
28566,136,75.0,75.0,24.0,4.0,31.2713,121.4523,31.2733,121.4536
17770,136,77.0,57.0,38.0,5.199999999999999,31.2747,121.4778,31.2596,121.4716
32084,136,98.0,89.0,38.0,5.1,31.2985,121.4828,31.2828,121.4948
41924,136,75.0,76.0,32.0,4.7,31.279,121.4546,31.2714,121.4639
25872,136,27.0,27.0,25.0,3.5,31.2245,121.4766,31.2283,121.4791
17307,136,45.0,45.0,32.0,3.8,31.2468,121.4578,31.2431,121.4504
22744,136,45.0,56.0,37.0,5.0,31.2431,121.4578,31.2574,121.4634
13108,136,25.0,35.0,31.0,4.6,31.226,121.4521,31.2361,121.4571
22785,136,36.0,36.0,26.0,4.0,31.2364,121.469,31.2361,121.4635
26378,136,71.0,80.0,30.0,4.4,31.2786,121.4165,31.2814,121.405
33337,137,6.0,7.0,32.0,4.9,31.2051,121.4607,31.2045,121.4757
16064,137,13.0,3.0,25.0,3.9,31.2112,121.4321,31.2095,121.4358
11964,137,2.0,11.0,37.0,4.699999999999999,31.2041,121.425,31.2196,121.4193
42541,137,68.0,58.0,39.0,5.199999999999999,31.2668,121.489,31.2513,121.4828
4628,137,25.0,6.0,54.0,6.2,31.2294,121.4534,31.2002,121.469
12003,137,68.0,58.0,31.0,4.2,31.2653,121.4889,31.2563,121.4871
40733,137,24.0,23.0,31.0,4.5,31.2218,121.4411,31.2212,121.4329
25253,137,15.0,26.0,33.0,4.7,31.2146,121.4536,31.2223,121.4632
36904,137,24.0,25.0,28.0,4.0,31.225,121.4473,31.2225,121.4502
22323,137,22.0,34.0,42.0,5.4,31.2292,121.4243,31.2392,121.4482
33225,138,14.0,24.0,30.0,4.6,31.2137,121.447,31.2233,121.4494
15252,138,16.0,26.0,33.0,4.0,31.2146,121.4618,31.2218,121.4698
7453,138,44.0,35.0,37.0,4.800000000000001,31.2415,121.4448,31.2306,121.4559
13781,138,24.0,24.0,26.0,3.5,31.2244,121.4482,31.2224,121.4445
38503,138,35.0,25.0,34.0,5.0,31.2356,121.4518,31.2211,121.4502
8420,138,84.0,83.0,32.0,4.5,31.2816,121.4414,31.2807,121.4303
43431,138,45.0,45.0,31.0,4.3,31.2405,121.4593,31.2452,121.4528
39331,138,16.0,16.0,30.0,4.2,31.2146,121.4618,31.2187,121.4657
4805,138,25.0,25.0,26.0,4.0,31.2283,121.4558,31.224,121.456
2727,138,33.0,33.0,32.0,4.2,31.2395,121.4306,31.2327,121.439
13039,138,11.0,30.0,48.0,6.0,31.21,121.4144,31.2376,121.4052
37112,138,77.0,68.0,34.0,4.0,31.2779,121.4787,31.2693,121.4827
32393,138,24.0,25.0,28.0,3.6,31.2252,121.4493,31.2213,121.452
33893,139,18.0,29.0,25.0,3.6,31.219,121.4885,31.2205,121.4926
18624,139,18.0,29.0,32.0,4.7,31.2137,121.4818,31.2229,121.4914
9156,139,0.0,10.0,38.0,5.1,31.2004,121.403,31.2185,121.4052
44027,139,56.0,65.0,42.0,5.3,31.2501,121.4679,31.2687,121.4544
28824,139,77.0,98.0,48.0,6.1,31.2718,121.4719,31.2984,121.4827
30224,139,35.0,33.0,30.0,4.5,31.2323,121.4515,31.2317,121.4399
14492,139,14.0,14.0,28.0,3.6,31.2153,121.4446,31.212,121.443
6871,139,75.0,64.0,38.0,4.699999999999999,31.2788,121.4563,31.2661,121.4426
31141,139,0.0,0.0,30.0,3.6,31.2093,121.4064,31.2031,121.4093
23633,139,33.0,54.0,47.0,5.7,31.2305,121.4318,31.2544,121.4428
26186,140,75.0,85.0,27.0,4.1,31.2793,121.4593,31.2826,121.4554
16362,140,43.0,45.0,43.0,5.0,31.2417,121.433,31.2421,121.4578
1934,140,26.0,16.0,36.0,4.2,31.2248,121.4674,31.2127,121.4637
18666,140,31.0,41.0,32.0,4.3,31.2345,121.4116,31.2435,121.418
5569,140,42.0,41.0,29.0,4.4,31.2487,121.4203,31.2478,121.4119
41970,140,69.0,58.0,36.0,4.5,31.2611,121.4985,31.2512,121.4879
9007,140,25.0,26.0,34.0,4.9,31.2257,121.4505,31.2251,121.4685
4375,140,90.0,91.0,35.0,4.4,31.2969,121.4022,31.2916,121.4139
31631,140,43.0,45.0,39.0,5.3,31.2427,121.4365,31.2417,121.4555
15136,140,45.0,35.0,33.0,4.2,31.2435,121.4538,31.2309,121.4532
41628,140,23.0,31.0,42.0,5.4,31.2256,121.438,31.2369,121.4173
42537,140,58.0,68.0,31.0,4.3,31.2571,121.4841,31.2681,121.4867
17199,141,61.0,81.0,34.0,5.1000000000000005,31.27,121.4154,31.2855,121.4162
10447,141,69.0,78.0,43.0,5.1,31.2606,121.4982,31.2767,121.4829
40257,141,52.0,40.0,45.0,5.4,31.2512,121.4264,31.2414,121.4014
1927,141,71.0,91.0,46.0,5.7,31.2718,121.4164,31.296,121.4124
34055,141,47.0,55.0,46.0,5.800000000000001,31.2428,121.4735,31.2566,121.4516
16100,141,84.0,85.0,30.0,4.2,31.2884,121.4409,31.2843,121.453
38146,141,38.0,38.0,30.0,4.0,31.2381,121.4852,31.2309,121.4894
23011,141,94.0,94.0,24.0,3.7,31.2977,121.4402,31.2999,121.4444
3829,141,11.0,30.0,42.0,5.4,31.2124,121.4159,31.231,121.4065
27654,141,31.0,30.0,31.0,4.4,31.2303,121.4121,31.2328,121.4005
17196,141,71.0,91.0,45.0,5.5,31.2747,121.4126,31.2977,121.4169
14054,142,71.0,70.0,29.0,4.3,31.2747,121.4126,31.2797,121.4055
7074,142,62.0,74.0,45.0,5.9,31.2673,121.4237,31.278,121.4469
43195,142,44.0,41.0,47.0,5.699999999999999,31.2458,121.4456,31.2427,121.4136
34705,142,57.0,57.0,24.0,4.1,31.2555,121.4761,31.2558,121.4721
14972,142,75.0,76.0,30.0,4.5,31.273,121.4573,31.2747,121.4675
1864,142,11.0,11.0,28.0,3.6,31.215,121.4193,31.2155,121.4137
26972,142,68.0,47.0,47.0,6.0,31.2644,121.4848,31.24,121.4758
15871,142,15.0,16.0,30.0,4.7,31.2152,121.455,31.2159,121.4658
3092,142,0.0,10.0,35.0,4.9,31.2078,121.4007,31.2192,121.4089
44514,143,44.0,45.0,36.0,4.7,31.2437,121.4403,31.2485,121.4577
31328,143,77.0,67.0,36.0,4.699999999999999,31.2779,121.4787,31.2618,121.4749
29394,143,15.0,17.0,40.0,4.6,31.2186,121.4593,31.218,121.4797
10636,143,8.0,8.0,26.0,3.9,31.2015,121.4822,31.206,121.4876
35664,143,53.0,52.0,26.0,4.0,31.2514,121.4322,31.2537,121.4276
29017,143,58.0,37.0,37.0,4.6000000000000005,31.251,121.4848,31.2394,121.4761
38752,143,91.0,90.0,33.0,4.9,31.2932,121.4173,31.2952,121.402
43568,143,26.0,26.0,23.0,3.7,31.2248,121.4674,31.2227,121.468
3739,143,47.0,47.0,25.0,3.7,31.2428,121.4735,31.2424,121.4742
10000,144,25.0,5.0,40.0,5.4,31.2293,121.4595,31.2099,121.4542
16947,144,28.0,38.0,35.0,4.6000000000000005,31.226,121.4812,31.2388,121.4836
24120,144,26.0,27.0,28.0,3.7,31.2294,121.4693,31.2238,121.4707
35412,144,70.0,60.0,33.0,4.4,31.2733,121.4032,31.2657,121.4092
39934,144,43.0,54.0,37.0,4.9,31.2448,121.434,31.2545,121.4457
19787,144,24.0,13.0,39.0,4.9,31.2262,121.4493,31.2189,121.4304
39264,144,75.0,75.0,26.0,3.8,31.2755,121.4585,31.2799,121.4556
20055,144,31.0,30.0,34.0,4.4,31.2304,121.4128,31.2387,121.4042
13015,144,31.0,30.0,32.0,3.8,31.2314,121.4106,31.231,121.4023
4449,145,14.0,14.0,31.0,4.5,31.2137,121.447,31.2191,121.441
14373,145,35.0,14.0,41.0,5.0,31.2317,121.4585,31.2148,121.4486
38844,145,24.0,23.0,31.0,4.1,31.2214,121.4423,31.2278,121.4332
34205,145,31.0,40.0,37.0,5.0,31.236,121.4163,31.2468,121.4067
3667,145,31.0,40.0,39.0,5.1,31.2304,121.4128,31.2476,121.4027
15221,145,7.0,6.0,32.0,4.4,31.202,121.48,31.2,121.4651
42914,145,68.0,87.0,43.0,5.2,31.2696,121.4888,31.2894,121.4785
32349,146,57.0,46.0,39.0,4.6,31.2549,121.4759,31.2431,121.463
3483,146,17.0,26.0,30.0,4.3,31.2112,121.4712,31.2202,121.465
5551,146,77.0,78.0,28.0,4.3,31.2721,121.4799,31.2733,121.489
29584,146,75.0,55.0,40.0,4.9,31.2704,121.4521,31.2528,121.4584
29931,146,75.0,66.0,33.0,4.0,31.2709,121.4555,31.2691,121.4684
24546,146,24.0,26.0,34.0,5.1000000000000005,31.2246,121.4457,31.2213,121.4627
24105,146,27.0,37.0,34.0,4.1,31.224,121.4771,31.2334,121.4724
7255,146,77.0,67.0,34.0,4.4,31.2721,121.4799,31.2617,121.4727
30553,147,11.0,2.0,39.0,5.4,31.2186,121.4122,31.2028,121.4249
39001,147,11.0,12.0,30.0,3.8,31.2124,121.4159,31.2165,121.4221
25148,147,58.0,58.0,23.0,3.9,31.252,121.486,31.2503,121.4853
14386,147,15.0,25.0,36.0,5.1,31.2134,121.4521,31.2294,121.4583
36328,147,44.0,42.0,37.0,5.0,31.2444,121.4419,31.2449,121.4223
3175,148,31.0,41.0,28.0,3.8,31.234,121.4145,31.2418,121.4156
41239,148,75.0,55.0,43.0,5.6,31.2713,121.4532,31.2509,121.4514
18444,148,31.0,41.0,33.0,4.6,31.2324,121.4117,31.2427,121.4168
2952,148,74.0,97.0,53.0,6.9,31.2785,121.4419,31.2936,121.4785
38652,148,71.0,70.0,32.0,4.4,31.279,121.4146,31.273,121.4029
4713,148,75.0,76.0,28.0,4.3,31.2736,121.459,31.2791,121.4659
18012,148,77.0,78.0,40.0,5.1,31.2718,121.4719,31.2785,121.4887
35565,149,54.0,53.0,37.0,5.0,31.2597,121.4484,31.2501,121.4323
39501,149,6.0,7.0,32.0,3.9,31.2063,121.4679,31.2018,121.4758
4781,149,30.0,41.0,33.0,4.1,31.239,121.4026,31.2436,121.4124
40309,149,22.0,21.0,27.0,3.8,31.2223,121.4209,31.2226,121.4147
5956,149,17.0,17.0,28.0,4.1,31.2112,121.4712,31.2133,121.4776
7883,149,71.0,52.0,45.0,5.4,31.2759,121.412,31.2528,121.4258
38419,150,71.0,61.0,32.0,3.8,31.2752,121.4161,31.2681,121.4138
5296,150,22.0,22.0,26.0,4.3,31.2261,121.4274,31.2216,121.4218
43068,150,61.0,80.0,37.0,5.199999999999999,31.27,121.4154,31.2832,121.4014
2370,150,84.0,84.0,27.0,3.5,31.2826,121.4495,31.2832,121.4454
2282,150,6.0,16.0,36.0,4.9,31.2025,121.4695,31.2188,121.4671
2170,150,35.0,35.0,30.0,3.8,31.2399,121.4559,31.2353,121.4578
1914,150,47.0,47.0,25.0,3.9,31.2482,121.4705,31.2487,121.47
5222,151,43.0,43.0,26.0,3.8,31.2481,121.4355,31.2483,121.434
41012,151,38.0,38.0,27.0,3.7,31.232,121.4862,31.2352,121.4837
42218,151,11.0,21.0,29.0,4.1,31.2197,121.4108,31.2224,121.4186
20668,151,11.0,22.0,40.0,4.6,31.21,121.4144,31.2249,121.4218
27340,151,77.0,88.0,40.0,5.199999999999999,31.2724,121.4785,31.2888,121.4863
19011,152,47.0,47.0,30.0,4.5,31.242,121.48,31.2442,121.4713
14774,152,24.0,34.0,32.0,4.4,31.2233,121.4449,31.2326,121.4427
44556,152,71.0,72.0,28.0,4.3,31.2711,121.42,31.2757,121.4262
24770,152,21.0,20.0,33.0,4.2,31.2209,121.4134,31.2261,121.404
2682,152,14.0,11.0,46.0,5.699999999999999,31.2153,121.4446,31.2147,121.4129
18171,153,69.0,58.0,38.0,4.5,31.2644,121.4987,31.2554,121.4861
27777,153,11.0,30.0,41.0,5.3,31.2155,121.4195,31.2347,121.4065
31184,153,77.0,85.0,44.0,5.5,31.2779,121.4787,31.2864,121.4572
1762,153,69.0,58.0,34.0,4.4,31.2632,121.498,31.2519,121.4877
26114,154,56.0,56.0,33.0,4.2,31.2501,121.4679,31.2591,121.4651
38418,154,11.0,11.0,28.0,3.7,31.2102,121.4198,31.2101,121.4144
36572,154,33.0,52.0,38.0,5.5,31.2349,121.4303,31.2523,121.42
35502,154,47.0,36.0,28.0,4.1,31.2428,121.4735,31.2353,121.4687
35357,154,84.0,73.0,35.0,4.4,31.2826,121.4495,31.2763,121.433
1920,154,44.0,34.0,29.0,4.0,31.2467,121.4406,31.2398,121.4465
41386,154,57.0,87.0,45.0,5.4,31.2565,121.4763,31.2826,121.4766
12825,154,28.0,35.0,44.0,5.6000000000000005,31.226,121.4812,31.2302,121.4532
36150,155,24.0,34.0,41.0,5.3,31.2211,121.4432,31.2398,121.4464
31762,155,85.0,84.0,29.0,3.9,31.2831,121.4517,31.2885,121.4493
30779,155,44.0,24.0,39.0,4.9,31.2444,121.4419,31.2277,121.445
16493,155,85.0,84.0,30.0,4.3,31.2831,121.4517,31.2843,121.442
8809,155,61.0,71.0,35.0,4.6000000000000005,31.2651,121.4146,31.2784,121.412
35259,155,45.0,43.0,46.0,5.2,31.2495,121.4592,31.2462,121.4312
21851,156,77.0,68.0,32.0,4.7,31.2707,121.4788,31.2617,121.4807
17985,156,25.0,26.0,32.0,4.5,31.2254,121.4586,31.2203,121.4679
309,156,15.0,6.0,37.0,4.8,31.2152,121.455,31.2005,121.4662
2023,157,84.0,86.0,37.0,4.7,31.2892,121.4427,31.2877,121.4609
5644,157,17.0,17.0,26.0,4.0,31.2116,121.4789,31.2143,121.4742
32565,157,84.0,84.0,28.0,4.1,31.2883,121.4429,31.2864,121.447
13872,158,35.0,34.0,28.0,3.8,31.2383,121.459,31.2398,121.4487
14089,158,77.0,88.0,34.0,4.7,31.276,121.4724,31.2857,121.4837
9119,158,54.0,42.0,42.0,5.6000000000000005,31.2597,121.4484,31.2441,121.4279
34212,158,71.0,82.0,37.0,4.8,31.2759,121.412,31.2836,121.429
44406,159,35.0,44.0,32.0,4.800000000000001,31.2356,121.4518,31.2467,121.4472
17383,159,79.0,96.0,51.0,6.3,31.2716,121.4942,31.2964,121.4687
10808,159,17.0,17.0,30.0,4.1,31.2193,121.4794,31.2155,121.4711
14368,159,35.0,26.0,38.0,4.5,31.2323,121.4515,31.2216,121.4616
30243,160,36.0,26.0,30.0,4.3,31.2311,121.4614,31.2232,121.4656
5316,160,27.0,19.0,40.0,5.3,31.225,121.4778,31.2134,121.492
9641,160,25.0,25.0,25.0,3.6,31.2261,121.4596,31.2264,121.4566
11617,161,67.0,58.0,35.0,4.3,31.262,121.475,31.259,121.49
14340,161,14.0,4.0,29.0,4.4,31.2137,121.447,31.2072,121.4421
16970,162,15.0,25.0,30.0,4.6,31.2192,121.4517,31.2296,121.4547
35153,162,24.0,15.0,36.0,4.5,31.2246,121.4457,31.2159,121.4568
33346,163,15.0,15.0,28.0,4.0,31.2155,121.4508,31.2141,121.4572
45653,163,35.0,36.0,36.0,4.5,31.2323,121.4515,31.2356,121.4667
16796,164,90.0,80.0,29.0,4.3,31.2935,121.4029,31.289,121.4036
5757,164,17.0,19.0,38.0,5.0,31.2116,121.4789,31.2178,121.4946
582,165,14.0,23.0,36.0,4.7,31.2164,121.4483,31.2245,121.4355
19016,165,30.0,40.0,29.0,4.3,31.239,121.4026,31.2445,121.4041
5683,166,34.0,52.0,50.0,6.1,31.2329,121.4453,31.2595,121.4237
39133,167,35.0,45.0,33.0,4.2,31.2335,121.4565,31.2428,121.4564
