,time,arrival_id,delivery_id,promise_time,delivery_fee,merchant_latitude,merchant_longitude,user_latitude,user_longitude
18290,0,31.0,31.0,29.0,4.3,31.2392,121.4189,31.2385,121.4101
36581,0,37.0,48.0,37.0,5.1,31.2307,121.4767,31.2455,121.4878
24030,0,35.0,34.0,30.0,4.5,31.2378,121.4568,31.2359,121.4447
17437,1,75.0,53.0,48.0,5.8,31.2778,121.4566,31.2564,121.4372
30427,1,12.0,2.0,26.0,4.0,31.2123,121.4268,31.2099,121.4293
17430,1,75.0,52.0,46.0,6.3,31.2743,121.4511,31.2595,121.4223
14037,2,48.0,69.0,45.0,5.800000000000001,31.2459,121.4837,31.2692,121.4955
37157,2,75.0,65.0,42.0,5.5,31.2795,121.4575,31.2608,121.4582
30805,2,46.0,46.0,23.0,3.7,31.2447,121.4684,31.2453,121.4695
22486,2,42.0,50.0,38.0,5.1,31.2487,121.4203,31.2572,121.403
24037,3,75.0,63.0,39.0,5.0,31.272,121.4514,31.2673,121.4325
8338,3,56.0,45.0,33.0,4.2,31.2514,121.4666,31.2416,121.4568
35744,3,12.0,4.0,42.0,5.1,31.2157,121.4284,31.2031,121.4489
7405,4,61.0,60.0,39.0,4.6,31.2635,121.4193,31.2694,121.4002
27168,4,12.0,12.0,28.0,4.1,31.2187,121.4298,31.2165,121.427
34341,4,13.0,23.0,34.0,4.4,31.2165,121.4365,31.2261,121.4322
4065,4,25.0,25.0,28.0,4.0,31.2296,121.4546,31.2275,121.4517
24062,5,75.0,41.0,61.0,7.300000000000001,31.2734,121.4563,31.2474,121.419
23699,5,26.0,36.0,27.0,4.0,31.2248,121.4674,31.2306,121.4666
22560,5,75.0,73.0,36.0,5.1000000000000005,31.2706,121.4532,31.273,121.4366
2822,6,75.0,64.0,37.0,4.9,31.2764,121.4598,31.2699,121.442
11027,6,11.0,20.0,31.0,4.3,31.2154,121.4175,31.2217,121.409
6642,6,12.0,13.0,31.0,4.6,31.2165,121.4222,31.2179,121.433
23861,6,11.0,20.0,41.0,5.0,31.2162,121.419,31.2298,121.4049
13588,7,44.0,63.0,43.0,5.2,31.2435,121.4452,31.2656,121.4372
33442,7,75.0,74.0,35.0,4.4,31.2761,121.457,31.2713,121.4407
33441,7,75.0,74.0,32.0,4.3,31.2778,121.4566,31.2742,121.4434
25442,7,48.0,58.0,35.0,4.9,31.2465,121.4877,31.2596,121.4839
16625,8,24.0,14.0,32.0,3.9,31.2262,121.4419,31.2183,121.4468
20642,8,37.0,37.0,26.0,3.6,31.2307,121.4767,31.2331,121.478
7808,8,37.0,37.0,26.0,3.7,31.2373,121.4751,31.2381,121.4707
23760,9,46.0,45.0,37.0,4.7,31.2432,121.4674,31.2431,121.4503
21258,9,75.0,76.0,26.0,3.5,31.2764,121.4598,31.2742,121.4608
28114,9,74.0,74.0,27.0,4.0,31.2703,121.4411,31.2734,121.44
19417,9,14.0,14.0,30.0,4.5,31.2112,121.4448,31.2187,121.4406
21243,9,75.0,75.0,28.0,3.9,31.2747,121.4527,31.2712,121.4599
32251,9,14.0,14.0,32.0,4.4,31.2112,121.4448,31.2191,121.4435
24544,10,71.0,61.0,38.0,5.3,31.2796,121.4179,31.2644,121.4125
3896,10,25.0,35.0,38.0,5.1000000000000005,31.2253,121.4583,31.2395,121.4534
3420,10,56.0,45.0,34.0,4.4,31.2516,121.4647,31.2452,121.4527
29935,10,15.0,25.0,33.0,4.4,31.2148,121.4546,31.2247,121.4548
18023,10,10.0,0.0,36.0,5.3,31.216,121.4086,31.2013,121.401
37527,10,73.0,85.0,36.0,4.5,31.2765,121.4383,31.2821,121.454
6939,11,75.0,74.0,30.0,4.2,31.2702,121.4591,31.27,121.4488
6932,11,75.0,75.0,25.0,3.8,31.2779,121.4523,31.2749,121.4501
7505,11,13.0,2.0,34.0,4.0,31.2133,121.4319,31.2048,121.426
7667,11,45.0,52.0,48.0,6.300000000000001,31.2475,121.4562,31.2503,121.4204
5020,12,48.0,38.0,28.0,3.8,31.2425,121.4824,31.2372,121.4805
17854,12,48.0,38.0,30.0,4.6,31.2425,121.4824,31.2333,121.482
34837,12,75.0,76.0,37.0,5.0,31.2772,121.453,31.2784,121.4688
13646,12,6.0,7.0,24.0,3.6,31.2014,121.4688,31.2014,121.4715
16076,12,75.0,64.0,41.0,5.0,31.2799,121.4537,31.2644,121.442
13373,13,24.0,14.0,33.0,4.6000000000000005,31.2258,121.4479,31.2137,121.4487
34891,13,35.0,25.0,38.0,4.6,31.2397,121.4545,31.2222,121.4531
33859,13,25.0,45.0,37.0,5.0,31.2273,121.455,31.2425,121.4513
1111,13,75.0,53.0,50.0,6.1,31.2779,121.4547,31.2504,121.4361
18170,13,75.0,75.0,30.0,4.1,31.2764,121.4598,31.2723,121.4553
21423,13,24.0,45.0,42.0,5.7,31.2296,121.4403,31.2461,121.4549
2058,14,34.0,33.0,37.0,4.7,31.2361,121.4452,31.2324,121.43
22178,14,75.0,50.0,70.0,7.800000000000001,31.2764,121.457,31.2574,121.4009
35912,14,75.0,63.0,44.0,5.4,31.2736,121.459,31.2651,121.4362
34829,14,75.0,86.0,37.0,4.800000000000001,31.2772,121.453,31.2876,121.4649
9173,14,75.0,75.0,27.0,4.2,31.2785,121.4508,31.2794,121.4573
34047,15,15.0,4.0,40.0,4.6,31.2132,121.4588,31.2033,121.4442
27945,15,24.0,25.0,31.0,4.3,31.2234,121.4445,31.2212,121.457
20389,15,6.0,6.0,27.0,3.6,31.2051,121.4607,31.2092,121.4643
26327,15,11.0,22.0,36.0,4.5,31.2104,121.4115,31.223,121.4202
24386,15,44.0,43.0,30.0,4.6,31.2436,121.444,31.2494,121.4356
17244,16,75.0,84.0,28.0,4.4,31.2781,121.4502,31.2842,121.4428
27535,16,24.0,24.0,27.0,4.1,31.2234,121.4445,31.2214,121.4484
18167,16,75.0,74.0,29.0,3.8,31.2797,121.4558,31.2781,121.4464
3819,16,31.0,31.0,30.0,4.1,31.2304,121.4128,31.2372,121.4168
29067,16,33.0,34.0,29.0,4.4,31.2332,121.4394,31.231,121.449
16653,16,31.0,31.0,30.0,4.3,31.2324,121.4117,31.2349,121.4188
37175,17,33.0,43.0,40.0,5.0,31.2305,121.4318,31.25,121.431
24957,17,75.0,75.0,23.0,3.9,31.2778,121.4566,31.2763,121.4559
35395,17,75.0,60.0,60.0,7.6,31.2764,121.457,31.2663,121.4067
11939,18,75.0,55.0,37.0,4.6000000000000005,31.2701,121.452,31.2565,121.4569
17220,18,13.0,14.0,25.0,3.5,31.216,121.4381,31.2168,121.4405
20604,18,75.0,65.0,29.0,4.0,31.2751,121.4579,31.2678,121.4586
5764,18,24.0,25.0,37.0,4.699999999999999,31.2297,121.4414,31.2243,121.4592
30274,18,75.0,42.0,52.0,6.3,31.272,121.4514,31.247,121.4224
21764,19,25.0,36.0,38.0,4.8,31.2253,121.4583,31.2384,121.469
22371,19,25.0,25.0,29.0,3.7,31.2257,121.4503,31.2207,121.4527
35205,19,25.0,25.0,24.0,3.9,31.2237,121.4537,31.2218,121.4511
14661,19,98.0,97.0,28.0,4.4,31.2925,121.4832,31.2978,121.4773
15799,20,18.0,8.0,34.0,4.4,31.2173,121.4813,31.2034,121.4805
33550,20,68.0,59.0,34.0,4.2,31.2656,121.4871,31.2559,121.4961
16684,20,45.0,45.0,31.0,4.3,31.2406,121.4512,31.2491,121.4541
11906,21,23.0,2.0,41.0,5.4,31.2221,121.4345,31.2023,121.4249
28595,21,35.0,24.0,37.0,4.800000000000001,31.2317,121.4585,31.2232,121.4432
33202,21,25.0,34.0,38.0,4.4,31.2261,121.4596,31.2362,121.4473
2927,21,35.0,24.0,33.0,4.2,31.2356,121.4518,31.2249,121.4498
9534,22,58.0,76.0,42.0,5.800000000000001,31.26,121.486,31.274,121.4647
19543,22,24.0,5.0,42.0,5.5,31.2278,121.4445,31.2052,121.4537
14532,22,16.0,25.0,39.0,5.0,31.2163,121.4699,31.2288,121.4583
34395,22,6.0,5.0,26.0,3.7,31.204,121.4664,31.2029,121.4599
32377,22,24.0,5.0,42.0,5.5,31.2234,121.4445,31.2023,121.4558
36661,23,36.0,47.0,38.0,5.2,31.2334,121.4664,31.2495,121.478
15703,23,13.0,25.0,42.0,4.8,31.2138,121.4308,31.2221,121.451
37667,23,24.0,15.0,31.0,4.1,31.2244,121.4482,31.2187,121.4579
25194,23,12.0,1.0,39.0,5.199999999999999,31.2165,121.4222,31.2006,121.4137
23963,23,75.0,84.0,35.0,4.6000000000000005,31.2743,121.4511,31.282,121.4408
12136,23,15.0,15.0,26.0,3.8,31.2186,121.4593,31.2191,121.4598
27603,24,58.0,47.0,38.0,5.3,31.258,121.4878,31.2459,121.4706
35267,24,13.0,13.0,23.0,3.7,31.2112,121.4321,31.2127,121.4306
17847,24,67.0,67.0,26.0,3.7,31.262,121.475,31.2604,121.4794
6822,24,36.0,36.0,30.0,3.7,31.238,121.4646,31.2326,121.4614
3394,25,71.0,61.0,34.0,5.1000000000000005,31.2796,121.4179,31.2639,121.4172
19598,25,24.0,14.0,37.0,4.4,31.2244,121.4482,31.2116,121.4416
4033,25,46.0,56.0,28.0,4.1,31.2431,121.462,31.2516,121.4641
2086,25,25.0,25.0,32.0,4.0,31.2257,121.4503,31.2284,121.4599
19035,25,45.0,53.0,41.0,5.0,31.2433,121.4554,31.2581,121.44
6216,26,15.0,15.0,27.0,3.6,31.2108,121.454,31.2132,121.4537
6411,26,88.0,86.0,42.0,5.2,31.2876,121.4881,31.2835,121.4626
12264,26,10.0,2.0,36.0,4.6,31.216,121.4086,31.2039,121.4205
19906,26,23.0,15.0,42.0,5.9,31.2209,121.4321,31.2116,121.4565
25879,26,71.0,70.0,32.0,4.4,31.2711,121.42,31.2736,121.4068
36402,26,24.0,34.0,30.0,4.2,31.2265,121.447,31.2331,121.4491
9189,27,76.0,73.0,41.0,5.3,31.2733,121.4612,31.2736,121.4352
1379,27,7.0,16.0,36.0,4.5,31.2015,121.4765,31.2123,121.4697
5340,27,75.0,64.0,28.0,4.3,31.272,121.4514,31.2662,121.4496
20900,27,35.0,24.0,36.0,4.9,31.2325,121.4592,31.229,121.4457
30234,27,11.0,20.0,31.0,4.5,31.2171,121.414,31.22,121.4045
18178,27,75.0,42.0,48.0,6.1000000000000005,31.2704,121.4521,31.2473,121.4272
4191,27,24.0,24.0,30.0,3.7,31.2267,121.4488,31.2233,121.442
31352,27,25.0,25.0,32.0,3.9,31.22,121.4515,31.2278,121.4522
6206,27,58.0,59.0,32.0,4.4,31.2561,121.4855,31.2524,121.4965
1244,27,31.0,40.0,40.0,5.5,31.2321,121.4142,31.2472,121.4013
2923,28,11.0,3.0,39.0,4.699999999999999,31.215,121.4193,31.2062,121.4372
20169,28,15.0,5.0,28.0,3.7,31.2152,121.455,31.2096,121.4524
37620,28,75.0,52.0,51.0,6.5,31.275,121.4573,31.2598,121.4234
25356,28,15.0,26.0,32.0,4.1,31.2152,121.455,31.222,121.4626
31621,28,13.0,4.0,33.0,4.2,31.2102,121.4391,31.2041,121.4494
2915,28,11.0,3.0,44.0,5.5,31.2197,121.4108,31.2042,121.4328
28583,28,11.0,3.0,39.0,5.4,31.2162,121.419,31.2047,121.4355
29481,28,24.0,14.0,39.0,4.6,31.2297,121.4414,31.2121,121.4424
21522,28,25.0,25.0,25.0,3.3000000000000003,31.2265,121.4529,31.2259,121.4533
6941,29,75.0,54.0,39.0,5.2,31.2704,121.4515,31.2543,121.4408
21751,29,45.0,56.0,39.0,5.0,31.2417,121.456,31.2579,121.4664
35918,29,75.0,74.0,27.0,4.1,31.2719,121.4509,31.2733,121.4439
33498,29,6.0,7.0,38.0,4.6000000000000005,31.2051,121.4621,31.2046,121.4789
10932,29,58.0,58.0,31.0,4.1,31.26,121.486,31.2508,121.4833
1823,29,27.0,17.0,33.0,4.2,31.2226,121.4737,31.2118,121.4734
7841,29,13.0,13.0,26.0,3.4,31.2164,121.4349,31.214,121.4355
1983,29,71.0,60.0,28.0,4.5,31.2718,121.4164,31.2683,121.4085
14010,29,24.0,24.0,28.0,4.1,31.2258,121.4479,31.2278,121.4439
23074,29,75.0,73.0,38.0,4.8,31.2714,121.4541,31.2763,121.4352
23084,29,75.0,74.0,32.0,4.5,31.2793,121.4593,31.2755,121.4456
10002,29,49.0,38.0,36.0,4.9,31.244,121.4954,31.2318,121.487
18898,30,57.0,57.0,24.0,4.0,31.2539,121.4757,31.2566,121.4755
28742,30,25.0,26.0,29.0,4.1,31.2254,121.4586,31.2274,121.4677
29412,30,45.0,45.0,30.0,3.9,31.2475,121.4562,31.2418,121.4524
24568,30,35.0,46.0,38.0,4.9,31.2378,121.4568,31.2475,121.4696
9551,30,11.0,22.0,34.0,4.4,31.2162,121.419,31.2255,121.424
3074,30,25.0,26.0,26.0,4.0,31.2222,121.4568,31.2222,121.464
241,30,33.0,44.0,37.0,4.6,31.2395,121.4306,31.2475,121.4482
32807,30,45.0,47.0,34.0,4.6000000000000005,31.2495,121.4592,31.2434,121.471
24863,30,52.0,62.0,36.0,5.199999999999999,31.2512,121.4264,31.2686,121.4245
12926,30,77.0,55.0,48.0,6.199999999999999,31.2787,121.4727,31.254,121.4579
8005,30,25.0,44.0,52.0,6.300000000000001,31.2218,121.4565,31.2498,121.4459
23661,30,71.0,71.0,31.0,4.3,31.2706,121.4147,31.2795,121.4109
6590,30,32.0,23.0,32.0,4.6,31.2337,121.4227,31.2297,121.4337
31311,30,33.0,44.0,37.0,4.4,31.2332,121.4394,31.2444,121.4482
17681,30,44.0,44.0,27.0,3.6,31.2441,121.4404,31.2434,121.4461
31208,30,36.0,24.0,44.0,5.4,31.2364,121.4628,31.2203,121.4477
20703,30,21.0,1.0,37.0,5.1,31.2211,121.4191,31.2045,121.4183
37560,31,25.0,27.0,44.0,5.9,31.2257,121.4503,31.2282,121.4768
12098,31,36.0,37.0,34.0,4.4,31.2302,121.4612,31.2386,121.4707
2112,31,71.0,71.0,32.0,4.4,31.2785,121.418,31.2708,121.4176
35484,31,35.0,35.0,26.0,3.2,31.24,121.4575,31.2399,121.4551
26971,31,25.0,35.0,34.0,4.800000000000001,31.2253,121.4558,31.2365,121.4587
15412,31,48.0,38.0,34.0,4.6,31.2465,121.4877,31.2372,121.4841
15255,31,75.0,75.0,24.0,3.8,31.2709,121.4555,31.2726,121.4522
37507,31,2.0,13.0,42.0,5.7,31.2003,121.42,31.214,121.4376
16028,31,22.0,43.0,41.0,5.4,31.2266,121.4273,31.2422,121.4396
21917,31,75.0,75.0,27.0,3.9,31.2743,121.4511,31.2738,121.4574
29006,31,12.0,11.0,33.0,4.5,31.22,121.4211,31.2108,121.4154
26244,31,0.0,0.0,27.0,3.7,31.2062,121.4039,31.2028,121.4022
35877,31,77.0,65.0,42.0,5.5,31.2709,121.4737,31.2644,121.4526
27371,31,24.0,24.0,31.0,4.1,31.2204,121.4481,31.2252,121.442
31402,31,77.0,69.0,42.0,5.2,31.2718,121.4719,31.2623,121.4939
36931,32,47.0,57.0,26.0,4.3,31.2482,121.4705,31.252,121.4753
22295,32,35.0,37.0,44.0,5.5,31.2383,121.4529,31.2349,121.4767
24097,32,47.0,57.0,25.0,4.1,31.2482,121.4705,31.2526,121.47
26623,32,21.0,21.0,27.0,3.8,31.2211,121.4191,31.2229,121.4144
24073,32,25.0,35.0,31.0,4.3,31.2269,121.4582,31.2328,121.4532
10631,32,75.0,65.0,38.0,4.8,31.2755,121.4585,31.2606,121.4523
35901,32,21.0,2.0,39.0,4.6,31.2211,121.4191,31.2052,121.4271
5055,32,35.0,27.0,45.0,5.6000000000000005,31.2383,121.4529,31.2204,121.4764
28711,32,11.0,20.0,32.0,4.7,31.2146,121.4112,31.2239,121.4013
20727,32,21.0,12.0,32.0,4.3,31.2211,121.4191,31.2128,121.426
33164,32,25.0,25.0,26.0,4.3,31.2273,121.455,31.2212,121.4532
3683,32,18.0,8.0,34.0,4.7,31.2167,121.4811,31.2031,121.4856
8512,32,75.0,43.0,58.0,6.800000000000001,31.2762,121.457,31.2465,121.4322
1377,32,15.0,35.0,43.0,5.1,31.2134,121.4521,31.2353,121.4542
13872,32,18.0,18.0,30.0,3.7,31.2137,121.4818,31.2166,121.4862
31409,32,44.0,44.0,24.0,3.6,31.2421,121.4471,31.2462,121.4489
29417,33,14.0,14.0,27.0,3.7,31.2153,121.4446,31.2199,121.4446
18373,33,35.0,23.0,44.0,5.3,31.2399,121.4559,31.224,121.4372
4970,33,72.0,81.0,40.0,4.699999999999999,31.2737,121.427,31.2881,121.4175
16343,33,84.0,90.0,52.0,5.800000000000001,31.2883,121.4429,31.2974,121.4099
17493,33,71.0,71.0,28.0,4.3,31.2706,121.4147,31.2775,121.4194
4659,33,71.0,71.0,29.0,3.6,31.2761,121.4138,31.2799,121.418
21059,33,18.0,18.0,29.0,3.7,31.219,121.4885,31.2136,121.4849
2752,33,44.0,34.0,32.0,4.6,31.2437,121.4403,31.2333,121.4414
31406,33,44.0,44.0,26.0,4.0,31.2444,121.4419,31.2479,121.4482
21149,33,35.0,35.0,24.0,3.7,31.2378,121.4568,31.2356,121.4549
21238,33,75.0,52.0,42.0,5.2,31.2701,121.452,31.2587,121.4277
5038,33,13.0,32.0,40.0,4.9,31.2164,121.4349,31.2335,121.4233
28563,33,24.0,24.0,25.0,3.4000000000000004,31.2262,121.4479,31.2267,121.4488
2551,33,77.0,76.0,38.0,5.0,31.2747,121.4778,31.2754,121.4618
10116,33,35.0,54.0,48.0,5.8,31.2323,121.4515,31.2598,121.4477
38281,33,68.0,68.0,28.0,4.1,31.2668,121.489,31.2647,121.487
33993,33,99.0,88.0,36.0,4.6000000000000005,31.2929,121.4992,31.2884,121.4836
21980,33,75.0,86.0,39.0,5.3,31.2762,121.457,31.2889,121.4691
27413,33,69.0,69.0,27.0,3.7,31.2606,121.4982,31.2659,121.494
23226,33,11.0,21.0,27.0,3.8,31.2155,121.4195,31.2217,121.4199
36792,33,44.0,52.0,46.0,6.3,31.2421,121.4471,31.26,121.4224
2549,33,77.0,66.0,35.0,4.800000000000001,31.2758,121.4751,31.2614,121.4696
17354,33,23.0,13.0,41.0,5.4,31.2282,121.4351,31.21,121.4364
34117,33,75.0,53.0,42.0,5.5,31.2713,121.4532,31.2536,121.4342
6825,33,24.0,24.0,29.0,4.2,31.2278,121.4445,31.2227,121.4435
31176,33,11.0,1.0,32.0,4.2,31.2139,121.4137,31.2064,121.41
226,33,11.0,12.0,36.0,4.3,31.2141,121.4105,31.2177,121.4248
2507,33,35.0,15.0,40.0,5.1,31.2302,121.453,31.2133,121.4517
12975,34,25.0,25.0,28.0,3.8,31.222,121.4577,31.2273,121.458
23145,34,25.0,26.0,34.0,4.0,31.2269,121.4582,31.2299,121.4691
8865,34,56.0,66.0,36.0,5.3,31.2513,121.4694,31.2678,121.4665
8101,34,11.0,11.0,30.0,4.3,31.2138,121.42,31.2174,121.4151
13623,34,12.0,13.0,32.0,4.5,31.2131,121.4294,31.211,121.4369
2764,34,6.0,19.0,46.0,5.9,31.2014,121.4688,31.2138,121.4961
2688,34,46.0,45.0,34.0,4.2,31.2432,121.4674,31.2474,121.458
26457,34,12.0,13.0,30.0,4.5,31.215,121.4262,31.2146,121.439
34656,34,75.0,55.0,45.0,5.7,31.2785,121.4508,31.2518,121.4534
29433,34,48.0,48.0,26.0,3.7,31.2459,121.4837,31.2451,121.4801
35739,34,11.0,11.0,28.0,4.3,31.2155,121.4195,31.2109,121.4198
14573,34,33.0,33.0,33.0,4.5,31.23,121.4355,31.2385,121.44
33769,34,11.0,11.0,26.0,3.9,31.2174,121.4163,31.2154,121.4195
11553,34,44.0,55.0,39.0,5.199999999999999,31.241,121.448,31.2568,121.4573
27625,34,77.0,77.0,25.0,3.6,31.2769,121.4718,31.2762,121.4713
15522,34,46.0,45.0,35.0,4.7,31.2432,121.4674,31.2428,121.4539
14751,34,35.0,24.0,31.0,4.2,31.2361,121.4527,31.2266,121.449
29959,34,37.0,36.0,34.0,4.9,31.2307,121.4767,31.2311,121.4632
2763,34,6.0,18.0,44.0,5.0,31.2076,121.4654,31.217,121.4877
15848,34,44.0,44.0,27.0,3.7,31.2437,121.4403,31.2403,121.4424
18278,34,27.0,27.0,23.0,3.9,31.225,121.4778,31.2264,121.4788
11686,34,52.0,43.0,32.0,4.2,31.2512,121.4264,31.2401,121.4328
27585,34,35.0,24.0,40.0,5.3,31.2399,121.4559,31.2279,121.4403
17666,34,61.0,81.0,44.0,5.5,31.2651,121.4146,31.2856,121.4127
36865,34,35.0,24.0,35.0,5.0,31.2397,121.4545,31.2264,121.4465
10775,34,6.0,16.0,35.0,4.7,31.204,121.4664,31.2174,121.4682
27484,34,35.0,27.0,44.0,5.2,31.2399,121.4559,31.2283,121.4754
32122,34,35.0,14.0,41.0,5.5,31.2376,121.4554,31.2185,121.4485
26667,34,22.0,14.0,40.0,4.9,31.2237,121.4242,31.2158,121.4426
322,35,7.0,38.0,56.0,6.800000000000001,31.2025,121.4797,31.2371,121.4864
25941,35,27.0,28.0,25.0,3.6,31.225,121.4778,31.2234,121.4824
27917,35,15.0,15.0,25.0,3.9,31.2155,121.4508,31.2141,121.4553
12901,35,11.0,22.0,34.0,4.5,31.2159,121.416,31.2299,121.4204
11251,35,43.0,45.0,41.0,5.1,31.2475,121.433,31.2417,121.453
20210,35,24.0,24.0,26.0,3.5,31.2246,121.4457,31.221,121.4474
20519,35,27.0,38.0,32.0,4.6000000000000005,31.225,121.4778,31.2342,121.4878
8597,35,0.0,0.0,34.0,4.3,31.2078,121.4007,31.2003,121.4083
19162,35,95.0,85.0,37.0,4.800000000000001,31.2984,121.4545,31.2831,121.4551
23655,35,15.0,5.0,30.0,4.1,31.2148,121.4546,31.2038,121.4526
26170,35,88.0,87.0,33.0,4.2,31.2827,121.4884,31.2805,121.4756
14815,35,11.0,0.0,26.0,4.3,31.2109,121.412,31.2075,121.4065
446,35,69.0,49.0,42.0,5.0,31.2618,121.4906,31.2409,121.4968
34674,35,75.0,65.0,33.0,4.0,31.2755,121.4578,31.2661,121.4582
5188,35,11.0,11.0,26.0,3.6,31.2186,121.4122,31.2149,121.4157
28312,35,11.0,13.0,38.0,4.9,31.213,121.4198,31.2157,121.44
30212,35,35.0,34.0,35.0,4.4,31.2397,121.4545,31.2323,121.4436
19063,35,75.0,75.0,28.0,4.0,31.2797,121.4558,31.2763,121.4532
9187,35,25.0,38.0,49.0,6.1000000000000005,31.2218,121.4565,31.2392,121.4859
3026,35,24.0,13.0,30.0,4.2,31.2214,121.4403,31.2176,121.4353
38035,35,24.0,13.0,36.0,4.7,31.2296,121.4403,31.2177,121.439
2129,35,11.0,0.0,30.0,4.3,31.21,121.4144,31.2016,121.4069
34018,35,6.0,35.0,46.0,5.8,31.2029,121.4614,31.2305,121.4524
13510,35,22.0,33.0,36.0,4.6000000000000005,31.2267,121.4236,31.2381,121.4332
31158,35,45.0,45.0,28.0,3.6,31.2427,121.4573,31.2438,121.4532
33884,35,11.0,22.0,36.0,5.199999999999999,31.21,121.4144,31.2259,121.4231
28791,35,15.0,16.0,36.0,4.800000000000001,31.2146,121.4536,31.2163,121.469
15934,35,90.0,80.0,30.0,4.1,31.293,121.4038,31.2854,121.409
36543,35,94.0,73.0,32.0,4.800000000000001,31.2906,121.4418,31.2778,121.4386
19549,35,13.0,14.0,32.0,4.3,31.2102,121.4391,31.219,121.4427
21184,35,6.0,35.0,51.0,6.6,31.2075,121.4653,31.2382,121.4511
33482,36,45.0,24.0,39.0,4.699999999999999,31.2405,121.4541,31.2235,121.4478
30093,36,75.0,74.0,29.0,4.3,31.2736,121.459,31.2706,121.4491
26102,36,7.0,7.0,27.0,4.1,31.2097,121.4792,31.207,121.476
14784,36,84.0,83.0,36.0,4.9,31.2826,121.4495,31.282,121.4309
17835,36,57.0,58.0,29.0,4.5,31.2563,121.4716,31.254,121.4803
33045,36,24.0,14.0,33.0,4.9,31.2276,121.4402,31.217,121.4455
14133,36,24.0,35.0,37.0,5.0,31.225,121.4473,31.2372,121.4567
33869,36,23.0,32.0,34.0,4.0,31.2221,121.4345,31.2304,121.428
20734,36,25.0,25.0,29.0,4.3,31.2205,121.4529,31.2219,121.4592
23647,36,24.0,13.0,32.0,3.8,31.2214,121.4423,31.2145,121.4356
14576,36,69.0,69.0,29.0,4.0,31.2606,121.4982,31.2691,121.4988
25071,36,13.0,2.0,33.0,4.6,31.2138,121.4308,31.2031,121.4286
21550,36,17.0,27.0,38.0,5.1000000000000005,31.2112,121.4712,31.2242,121.4779
13176,36,58.0,56.0,44.0,5.5,31.2545,121.4855,31.2585,121.4613
35174,36,72.0,63.0,34.0,4.4,31.2737,121.427,31.2625,121.436
28553,36,45.0,45.0,31.0,3.9,31.2495,121.4592,31.2427,121.4543
30651,36,12.0,12.0,26.0,3.8,31.2135,121.4231,31.214,121.4254
33616,36,45.0,45.0,28.0,3.7,31.2457,121.4558,31.245,121.4591
13692,36,24.0,24.0,28.0,4.5,31.2214,121.4403,31.2287,121.4459
17147,36,53.0,53.0,31.0,4.5,31.259,121.4362,31.2503,121.4345
11872,36,34.0,34.0,22.0,3.3000000000000003,31.2316,121.4431,31.2335,121.4422
36697,36,35.0,36.0,28.0,4.0,31.2383,121.459,31.2343,121.4659
24990,36,13.0,23.0,32.0,4.6,31.2112,121.4321,31.2206,121.43
21687,36,12.0,2.0,31.0,4.2,31.2157,121.4284,31.2077,121.4219
22730,36,36.0,25.0,31.0,4.4,31.2334,121.4664,31.2268,121.4593
12406,36,22.0,33.0,36.0,4.9,31.2216,121.4241,31.2322,121.4321
19442,36,77.0,58.0,38.0,5.5,31.2721,121.4799,31.2528,121.4807
26010,36,58.0,56.0,40.0,5.3,31.252,121.486,31.2522,121.4662
2407,36,45.0,25.0,39.0,5.199999999999999,31.2435,121.4538,31.2267,121.4589
14671,36,75.0,75.0,26.0,4.0,31.2779,121.4547,31.2761,121.4592
36284,36,6.0,6.0,31.0,4.4,31.2051,121.4621,31.207,121.47
27396,36,57.0,68.0,31.0,4.6,31.2549,121.4759,31.2612,121.4854
18382,36,23.0,14.0,40.0,5.3,31.2256,121.438,31.2102,121.4465
1153,36,13.0,14.0,38.0,4.9,31.2104,121.4345,31.2196,121.449
23259,36,45.0,57.0,37.0,5.0,31.2435,121.4538,31.2509,121.4703
5215,36,33.0,54.0,47.0,6.3,31.23,121.4355,31.2559,121.4455
30080,36,75.0,63.0,46.0,5.800000000000001,31.2736,121.459,31.2638,121.4353
19316,36,48.0,48.0,22.0,3.2,31.2465,121.4877,31.247,121.4862
13894,36,17.0,6.0,41.0,5.3,31.2193,121.4794,31.2051,121.4617
27620,36,84.0,84.0,29.0,4.4,31.2864,121.4494,31.2864,121.44
17583,36,15.0,14.0,36.0,4.3,31.2163,121.4588,31.2196,121.4454
26154,37,24.0,14.0,32.0,4.0,31.2214,121.4423,31.2128,121.4454
11557,37,7.0,6.0,34.0,4.800000000000001,31.2008,121.4797,31.2048,121.4657
31372,37,35.0,45.0,33.0,4.0,31.2375,121.4595,31.2459,121.4535
805,37,13.0,13.0,29.0,3.7,31.2112,121.4321,31.2134,121.439
33855,37,45.0,46.0,28.0,3.9,31.2404,121.4583,31.2463,121.4637
18765,37,79.0,98.0,40.0,5.0,31.2765,121.5,31.2955,121.4891
18599,37,25.0,23.0,36.0,4.6000000000000005,31.2211,121.4565,31.2215,121.4385
15886,37,0.0,1.0,24.0,3.9,31.2088,121.4077,31.2067,121.412
11976,37,12.0,22.0,30.0,4.3,31.2177,121.4251,31.2234,121.4201
32980,37,35.0,45.0,26.0,3.8,31.2376,121.4554,31.2437,121.454
8235,37,22.0,31.0,33.0,4.0,31.2292,121.4243,31.2376,121.4182
25010,37,25.0,24.0,34.0,5.0,31.2284,121.4592,31.2212,121.4456
9296,37,24.0,25.0,29.0,3.8,31.2265,121.447,31.2263,121.4541
19742,37,62.0,73.0,35.0,4.4,31.264,121.4242,31.2753,121.4369
12394,37,24.0,24.0,25.0,3.9,31.2297,121.4415,31.2282,121.4436
12003,37,24.0,13.0,32.0,4.7,31.2233,121.4449,31.2155,121.4385
16042,37,24.0,15.0,34.0,4.7,31.2262,121.4479,31.2172,121.4521
5749,37,58.0,58.0,25.0,3.2,31.2561,121.4855,31.2572,121.4853
3019,37,24.0,26.0,38.0,5.4,31.2244,121.4482,31.2266,121.47
33408,37,35.0,24.0,36.0,4.9,31.2356,121.4518,31.2214,121.4457
8805,37,33.0,44.0,36.0,4.7,31.2388,121.4312,31.25,121.4406
25228,37,24.0,24.0,24.0,3.6,31.2262,121.4479,31.2274,121.4461
22130,37,24.0,25.0,29.0,4.3,31.2214,121.4437,31.2273,121.4503
37840,37,25.0,24.0,30.0,4.6,31.2218,121.4565,31.2217,121.4447
3442,37,24.0,15.0,28.0,3.9,31.2216,121.4493,31.2165,121.4542
24120,37,33.0,45.0,42.0,5.5,31.2388,121.4312,31.2429,121.4572
37089,37,11.0,1.0,26.0,3.7,31.2109,121.412,31.2087,121.4186
6810,37,31.0,50.0,44.0,5.6000000000000005,31.2304,121.4128,31.2543,121.401
12912,37,11.0,22.0,36.0,5.1000000000000005,31.2152,121.4171,31.2291,121.4225
13322,37,24.0,14.0,33.0,4.4,31.2258,121.4479,31.2153,121.4401
28242,37,77.0,89.0,41.0,5.7,31.2707,121.4788,31.2865,121.4959
23247,37,61.0,90.0,53.0,6.800000000000001,31.2635,121.4193,31.2944,121.4034
23679,37,11.0,13.0,38.0,5.199999999999999,31.215,121.4193,31.2129,121.4376
3086,37,85.0,93.0,40.0,5.1,31.2814,121.4541,31.2908,121.4369
1651,37,11.0,1.0,32.0,4.5,31.2188,121.4152,31.2073,121.4113
10413,37,61.0,90.0,54.0,6.800000000000001,31.265,121.4126,31.2994,121.4037
10289,37,24.0,23.0,31.0,4.7,31.2211,121.4432,31.2233,121.4328
29111,37,24.0,15.0,32.0,4.2,31.2233,121.4449,31.2191,121.4536
27419,37,32.0,33.0,35.0,4.4,31.2337,121.4227,31.231,121.4372
24683,37,84.0,74.0,38.0,4.699999999999999,31.2892,121.4427,31.2718,121.4424
31418,37,58.0,57.0,32.0,3.9,31.2561,121.4855,31.2535,121.4772
31490,38,22.0,22.0,26.0,4.1,31.2268,121.4202,31.2236,121.422
17624,38,84.0,84.0,29.0,3.8,31.2816,121.4414,31.2865,121.4466
16905,38,27.0,28.0,26.0,4.0,31.2285,121.4757,31.23,121.4809
32391,38,24.0,25.0,31.0,4.1,31.2247,121.4484,31.2215,121.4563
14101,38,25.0,25.0,26.0,3.4,31.2211,121.4565,31.2237,121.4568
26689,38,58.0,38.0,40.0,5.0,31.2503,121.4823,31.2337,121.4816
1076,38,73.0,94.0,42.0,4.9,31.2765,121.4383,31.2935,121.4488
36069,38,13.0,24.0,37.0,4.4,31.2133,121.4319,31.2207,121.4462
3561,38,35.0,45.0,24.0,3.4,31.24,121.4575,31.2406,121.4547
30639,38,11.0,2.0,36.0,4.5,31.2152,121.4171,31.2042,121.4217
17383,38,33.0,35.0,35.0,5.1000000000000005,31.2312,121.4394,31.2352,121.4551
162,38,35.0,36.0,31.0,4.2,31.2383,121.4529,31.2318,121.4601
9523,38,23.0,23.0,28.0,4.0,31.2209,121.4321,31.2264,121.4364
32995,38,25.0,33.0,47.0,5.5,31.2293,121.4595,31.2391,121.4306
17503,38,35.0,25.0,29.0,4.3,31.2317,121.4585,31.2272,121.4508
21018,38,45.0,46.0,26.0,3.7,31.2435,121.4538,31.2456,121.461
33431,38,75.0,55.0,47.0,5.6,31.2787,121.4552,31.2511,121.4548
6250,38,43.0,44.0,33.0,4.5,31.244,121.432,31.2495,121.4457
14305,38,57.0,58.0,26.0,3.9,31.2565,121.4763,31.2567,121.484
26933,38,0.0,0.0,26.0,4.1,31.2055,121.4005,31.2083,121.4051
28397,38,12.0,12.0,25.0,3.9,31.2123,121.4268,31.2126,121.428
23103,38,75.0,53.0,44.0,5.6000000000000005,31.2706,121.4532,31.2536,121.4301
1390,38,31.0,11.0,36.0,5.0,31.2335,121.4105,31.2174,121.4188
4694,38,94.0,94.0,23.0,3.8,31.2977,121.4402,31.2976,121.4409
2220,38,2.0,11.0,36.0,4.4,31.2036,121.4276,31.2138,121.4163
34409,38,12.0,11.0,28.0,4.3,31.215,121.4262,31.2101,121.4193
4978,38,11.0,2.0,38.0,5.4,31.2186,121.4139,31.2037,121.4283
16713,38,12.0,2.0,33.0,4.0,31.2123,121.4268,31.2024,121.4299
33448,38,75.0,56.0,48.0,5.5,31.2778,121.4518,31.255,121.4661
5294,38,58.0,58.0,24.0,3.8,31.258,121.4878,31.2559,121.4861
19983,38,76.0,84.0,42.0,5.3,31.2759,121.4696,31.2876,121.45
31326,38,22.0,22.0,30.0,3.7,31.2266,121.4273,31.2236,121.4223
38222,38,24.0,24.0,29.0,4.3,31.2211,121.4455,31.2279,121.4479
22555,38,75.0,74.0,36.0,4.4,31.2716,121.4597,31.2797,121.4451
33205,38,42.0,41.0,26.0,4.0,31.2487,121.4203,31.2489,121.4129
36660,38,25.0,47.0,47.0,6.0,31.2222,121.4568,31.2445,121.4726
13038,38,11.0,11.0,27.0,3.6,31.2139,121.4166,31.2165,121.4187
1265,38,0.0,0.0,32.0,4.4,31.2078,121.4007,31.2006,121.4032
2697,38,24.0,14.0,32.0,4.7,31.2266,121.4427,31.2155,121.4418
25528,38,45.0,45.0,30.0,4.5,31.2495,121.4592,31.2407,121.4596
29820,38,25.0,24.0,30.0,4.4,31.22,121.4515,31.2225,121.4407
27997,38,7.0,27.0,43.0,5.5,31.2084,121.474,31.2299,121.4793
15531,38,24.0,14.0,36.0,4.2,31.2278,121.4411,31.2153,121.4466
22914,38,11.0,21.0,38.0,4.9,31.2102,121.4198,31.2299,121.4179
35803,38,17.0,8.0,32.0,4.800000000000001,31.2144,121.4709,31.2071,121.4832
37304,38,71.0,63.0,41.0,5.5,31.2729,121.4109,31.2671,121.4361
24965,38,25.0,16.0,32.0,4.7,31.2245,121.4598,31.2125,121.4621
13917,38,45.0,45.0,24.0,3.5,31.2431,121.4578,31.2436,121.456
10344,39,35.0,15.0,40.0,5.3,31.2376,121.4554,31.2179,121.4587
15419,39,38.0,47.0,40.0,5.1,31.232,121.4862,31.248,121.4765
29036,39,11.0,11.0,31.0,4.2,31.213,121.4198,31.2183,121.4129
8859,39,56.0,46.0,26.0,4.3,31.2514,121.4666,31.249,121.4612
31064,39,57.0,45.0,43.0,5.5,31.2565,121.4763,31.2465,121.4519
24130,39,24.0,23.0,29.0,4.0,31.2233,121.4449,31.2216,121.4374
22075,39,45.0,37.0,38.0,4.6,31.2457,121.4558,31.2368,121.4723
35061,39,15.0,35.0,44.0,5.6,31.2146,121.4536,31.2352,121.4559
20270,39,7.0,7.0,31.0,4.2,31.2097,121.4792,31.2036,121.4726
15158,39,17.0,17.0,26.0,3.8,31.2108,121.4719,31.2125,121.4738
26057,39,58.0,58.0,29.0,3.8,31.252,121.486,31.2574,121.49
36542,39,31.0,32.0,32.0,4.5,31.234,121.4145,31.2327,121.4258
12273,39,24.0,15.0,35.0,4.5,31.221,121.4415,31.2196,121.4594
21163,39,15.0,4.0,32.0,4.5,31.2148,121.4546,31.2069,121.4463
19195,39,35.0,36.0,33.0,4.2,31.2397,121.4545,31.2332,121.4667
25248,39,57.0,46.0,36.0,4.6000000000000005,31.2519,121.4721,31.2418,121.4638
31160,39,45.0,44.0,30.0,4.1,31.2495,121.4592,31.2463,121.4484
32964,39,57.0,58.0,36.0,5.0,31.2563,121.4716,31.2514,121.4887
31544,39,27.0,28.0,29.0,3.8,31.225,121.4778,31.2234,121.4855
1861,39,25.0,16.0,39.0,5.0,31.2294,121.4534,31.2135,121.4604
8352,39,15.0,27.0,40.0,5.0,31.2132,121.4588,31.227,121.4787
8297,39,36.0,36.0,30.0,4.5,31.2311,121.4614,31.2389,121.4611
21644,39,74.0,73.0,28.0,4.2,31.2703,121.4411,31.2741,121.4353
23183,39,35.0,25.0,33.0,4.5,31.2325,121.4592,31.2212,121.4584
13611,39,11.0,23.0,39.0,5.3,31.2138,121.4194,31.2247,121.4368
165,39,31.0,41.0,32.0,4.4,31.2324,121.4117,31.2448,121.412
13292,39,45.0,43.0,38.0,5.1,31.2433,121.4554,31.2486,121.4335
24679,39,31.0,31.0,32.0,4.6,31.2304,121.4128,31.2388,121.4188
9750,39,11.0,12.0,30.0,4.1,31.2174,121.4163,31.2113,121.4251
4396,39,31.0,31.0,26.0,4.2,31.2335,121.4105,31.2375,121.4144
357,39,95.0,94.0,28.0,3.6,31.2924,121.4511,31.2971,121.4471
12924,39,77.0,58.0,45.0,5.4,31.2769,121.4718,31.255,121.4857
20352,39,6.0,14.0,37.0,4.4,31.2023,121.4625,31.2119,121.4497
36289,39,68.0,48.0,38.0,5.4,31.2626,121.4855,31.2443,121.4896
14309,39,57.0,58.0,34.0,4.800000000000001,31.2563,121.4716,31.2597,121.4862
13083,39,47.0,67.0,46.0,5.800000000000001,31.2428,121.4735,31.2677,121.4794
7142,39,69.0,69.0,32.0,4.1,31.2611,121.4985,31.2692,121.4906
25998,39,44.0,33.0,29.0,4.0,31.2437,121.4403,31.235,121.4386
33186,39,6.0,14.0,41.0,5.7,31.2029,121.4614,31.2196,121.4467
15157,39,17.0,17.0,25.0,3.9,31.2144,121.4709,31.2101,121.4724
18710,39,27.0,28.0,30.0,4.4,31.2243,121.4731,31.2245,121.4857
28017,39,15.0,15.0,26.0,3.5,31.2108,121.454,31.2134,121.4522
18662,39,0.0,13.0,50.0,5.9,31.2069,121.4074,31.2157,121.44
36221,39,5.0,16.0,28.0,4.3,31.2078,121.4564,31.2103,121.4663
16715,39,12.0,2.0,40.0,5.1,31.2187,121.4237,31.2025,121.4296
1252,39,45.0,66.0,46.0,5.6,31.2417,121.456,31.2681,121.4647
36013,39,35.0,26.0,35.0,4.2,31.2323,121.4515,31.2224,121.46
13959,39,75.0,85.0,36.0,5.0,31.2714,121.4541,31.2862,121.4527
1233,39,74.0,83.0,31.0,4.3,31.2785,121.4419,31.2853,121.4371
638,39,22.0,22.0,29.0,3.8,31.2223,121.4209,31.2263,121.4234
13079,39,57.0,67.0,33.0,4.5,31.2515,121.4771,31.2634,121.4719
32384,39,24.0,24.0,27.0,3.5,31.2262,121.4493,31.2252,121.4463
5281,39,57.0,69.0,39.0,5.0,31.2565,121.4763,31.2653,121.4923
20787,39,45.0,45.0,31.0,4.4,31.2406,121.4512,31.2417,121.459
27081,40,31.0,31.0,28.0,3.5,31.2392,121.4189,31.2352,121.4172
10215,40,25.0,26.0,33.0,4.6,31.2245,121.4593,31.2265,121.4697
32199,40,25.0,36.0,36.0,4.7,31.22,121.4515,31.2316,121.4611
26349,40,33.0,34.0,37.0,5.1000000000000005,31.2349,121.4303,31.2384,121.4477
11350,40,0.0,0.0,28.0,4.4,31.2038,121.4068,31.2098,121.4018
2550,40,77.0,67.0,28.0,3.9,31.2721,121.4799,31.2648,121.4744
20258,40,26.0,15.0,34.0,4.3,31.2236,121.4662,31.2188,121.457
12444,40,11.0,11.0,27.0,4.3,31.217,121.4109,31.2111,121.4115
18819,40,22.0,13.0,37.0,4.6000000000000005,31.2268,121.4202,31.2161,121.4304
30200,40,28.0,28.0,24.0,3.5,31.228,121.4858,31.224,121.4867
10976,40,24.0,35.0,42.0,5.5,31.2254,121.4403,31.2359,121.4581
4941,40,35.0,45.0,33.0,4.9,31.2335,121.4565,31.2462,121.4557
16918,40,27.0,27.0,26.0,3.8,31.2285,121.4757,31.2296,121.4795
33390,40,36.0,24.0,35.0,4.9,31.2302,121.4612,31.2283,121.4451
23738,40,24.0,33.0,41.0,5.0,31.2213,121.4438,31.2371,121.4329
5090,40,69.0,59.0,34.0,4.9,31.2639,121.4922,31.2526,121.4967
29866,40,23.0,22.0,36.0,4.6000000000000005,31.2282,121.4351,31.2254,121.4218
5971,40,25.0,24.0,37.0,4.5,31.2254,121.4586,31.2283,121.4421
14324,40,24.0,15.0,33.0,4.800000000000001,31.2265,121.447,31.2153,121.4545
6338,40,58.0,58.0,30.0,4.1,31.2504,121.4808,31.2542,121.4838
20444,40,75.0,73.0,34.0,4.4,31.2785,121.4508,31.2703,121.4374
18577,40,44.0,44.0,24.0,3.5,31.2448,121.4493,31.2483,121.448
26345,40,33.0,33.0,26.0,3.7,31.231,121.4369,31.2312,121.4378
25361,40,35.0,32.0,47.0,5.4,31.2351,121.4544,31.2359,121.4253
29330,40,48.0,58.0,34.0,4.7,31.2465,121.4877,31.2561,121.487
19673,40,34.0,34.0,32.0,4.5,31.2396,121.4488,31.2398,121.4402
30609,40,35.0,45.0,39.0,4.9,31.2323,121.4515,31.2483,121.4562
34721,40,0.0,0.0,27.0,3.6,31.2038,121.4068,31.2051,121.4034
6130,40,35.0,37.0,41.0,5.0,31.2335,121.4565,31.2364,121.4776
7721,40,36.0,24.0,41.0,5.2,31.238,121.4646,31.2279,121.4422
11801,40,0.0,0.0,28.0,3.5,31.2093,121.4064,31.2057,121.4077
11631,40,71.0,71.0,27.0,3.7,31.2759,121.412,31.2739,121.4142
4688,40,33.0,43.0,31.0,4.5,31.2349,121.4303,31.2414,121.439
29553,40,68.0,59.0,36.0,4.7,31.2656,121.4871,31.2582,121.499
26756,40,45.0,45.0,24.0,3.7,31.2431,121.4578,31.2427,121.4578
20360,40,22.0,32.0,30.0,4.1,31.2266,121.4273,31.231,121.4221
18571,40,44.0,44.0,30.0,4.1,31.2467,121.4406,31.2465,121.4479
26739,40,58.0,48.0,31.0,4.1,31.258,121.4878,31.2486,121.4828
31798,40,35.0,37.0,36.0,5.3,31.2383,121.4529,31.2318,121.4702
23819,40,12.0,22.0,32.0,4.2,31.2165,121.4222,31.2247,121.4243
19960,40,49.0,69.0,45.0,5.7,31.2428,121.4969,31.2664,121.4955
17825,40,44.0,45.0,24.0,4.1,31.2408,121.4495,31.2401,121.4539
25804,40,35.0,36.0,34.0,5.0,31.2383,121.4529,31.2387,121.4699
11996,40,24.0,25.0,32.0,4.5,31.2291,121.4439,31.2237,121.4508
1888,40,35.0,44.0,34.0,4.800000000000001,31.2361,121.4527,31.2471,121.446
5083,40,98.0,99.0,32.0,4.3,31.2925,121.4832,31.2957,121.4913
22446,40,24.0,24.0,31.0,4.7,31.2278,121.4411,31.2202,121.448
22587,40,12.0,3.0,39.0,5.1,31.2187,121.4298,31.2028,121.4304
31082,40,12.0,11.0,35.0,4.2,31.2187,121.4298,31.2108,121.4194
4940,40,35.0,45.0,28.0,4.1,31.2343,121.4579,31.2406,121.4578
25970,40,11.0,11.0,28.0,4.1,31.2138,121.4194,31.2127,121.4118
16733,40,35.0,36.0,33.0,4.2,31.2376,121.4554,31.2325,121.4646
18315,41,58.0,38.0,38.0,5.199999999999999,31.2503,121.4823,31.2324,121.4809
2290,41,24.0,24.0,27.0,3.7,31.221,121.4415,31.2258,121.44
24394,41,44.0,33.0,34.0,4.4,31.241,121.448,31.2338,121.4395
14500,41,36.0,36.0,26.0,3.7,31.238,121.4646,31.2374,121.4602
33459,41,36.0,25.0,39.0,4.9,31.2334,121.4664,31.2227,121.4518
8227,41,35.0,25.0,32.0,4.2,31.2317,121.4585,31.2259,121.4511
4845,41,31.0,31.0,27.0,3.4,31.234,121.4145,31.237,121.412
19117,41,57.0,48.0,39.0,5.199999999999999,31.2519,121.4721,31.245,121.4898
3697,41,33.0,43.0,39.0,5.1,31.231,121.4369,31.2464,121.4327
24473,41,71.0,61.0,35.0,4.5,31.2761,121.4138,31.2604,121.4138
34373,41,36.0,45.0,39.0,5.199999999999999,31.2334,121.4664,31.2494,121.4576
13784,41,37.0,29.0,44.0,5.7,31.2373,121.4751,31.2222,121.4913
8761,41,31.0,32.0,32.0,4.7,31.2359,121.4171,31.2306,121.4285
29829,41,26.0,36.0,28.0,4.5,31.2236,121.4662,31.2308,121.4688
7605,41,75.0,73.0,44.0,5.2,31.2716,121.4597,31.2761,121.4357
29683,41,77.0,67.0,30.0,4.5,31.2735,121.4759,31.2651,121.4793
32674,41,35.0,47.0,50.0,6.0,31.2323,121.4515,31.2495,121.478
30976,41,75.0,85.0,40.0,5.0,31.272,121.4514,31.2887,121.4505
8666,41,11.0,12.0,31.0,3.8,31.2158,121.4142,31.2161,121.4232
7440,41,21.0,13.0,39.0,5.3,31.2209,121.4134,31.214,121.4356
29966,41,43.0,42.0,33.0,4.800000000000001,31.2417,121.433,31.2462,121.4202
29325,41,77.0,78.0,36.0,4.3,31.2735,121.4759,31.2798,121.4898
34925,41,58.0,58.0,30.0,3.8,31.26,121.486,31.2526,121.4883
16413,41,35.0,24.0,38.0,4.9,31.2375,121.4595,31.2236,121.4425
28178,41,16.0,25.0,30.0,3.6,31.2177,121.4611,31.2241,121.4598
27151,41,24.0,15.0,39.0,5.5,31.2297,121.4414,31.2116,121.4512
2035,41,42.0,42.0,22.0,3.5,31.2425,121.4247,31.2422,121.423
6833,41,6.0,15.0,38.0,5.3,31.2014,121.4688,31.2146,121.4537
30727,41,35.0,23.0,45.0,6.1000000000000005,31.2344,121.4596,31.2289,121.4309
25384,41,24.0,13.0,30.0,4.1,31.2221,121.4402,31.2112,121.438
27721,41,1.0,0.0,36.0,5.1000000000000005,31.208,121.4187,31.2037,121.4013
8552,41,24.0,13.0,32.0,4.3,31.2266,121.4427,31.2198,121.4381
5184,41,11.0,0.0,30.0,4.3,31.217,121.4109,31.208,121.4049
10759,41,58.0,59.0,29.0,4.1,31.2561,121.4855,31.2535,121.4907
13903,41,58.0,49.0,36.0,4.5,31.2513,121.4844,31.2423,121.4988
18638,41,71.0,61.0,35.0,4.3,31.279,121.4146,31.2658,121.4134
25079,41,11.0,13.0,39.0,5.4,31.2104,121.4115,31.218,121.4334
23602,41,6.0,16.0,35.0,4.6000000000000005,31.2076,121.4654,31.2189,121.4687
33456,41,35.0,25.0,36.0,4.6000000000000005,31.2325,121.4592,31.2228,121.4503
33980,41,35.0,35.0,31.0,3.9,31.2343,121.4579,31.2344,121.45
26954,41,35.0,36.0,32.0,4.5,31.2378,121.4568,31.2364,121.4686
10768,41,6.0,16.0,37.0,4.699999999999999,31.2014,121.4688,31.2188,121.4658
26737,41,58.0,49.0,34.0,5.0,31.2504,121.4808,31.2486,121.4965
35019,41,27.0,27.0,27.0,4.1,31.2245,121.4766,31.229,121.472
33662,41,12.0,4.0,47.0,6.1000000000000005,31.2135,121.4231,31.202,121.4492
37998,41,75.0,65.0,31.0,4.1,31.2751,121.4579,31.2645,121.4576
18668,42,12.0,14.0,36.0,4.6,31.2123,121.4268,31.2143,121.4469
11775,42,0.0,0.0,27.0,3.9,31.2023,121.4008,31.2067,121.4001
9330,42,75.0,83.0,46.0,5.2,31.2701,121.452,31.2867,121.4326
28206,42,25.0,45.0,41.0,5.3,31.2218,121.4565,31.2434,121.4581
37874,42,11.0,1.0,35.0,4.9,31.2154,121.4175,31.2007,121.416
5623,42,77.0,77.0,29.0,4.3,31.2784,121.4785,31.2733,121.4792
37443,42,0.0,0.0,33.0,4.0,31.2023,121.4008,31.2094,121.4091
6284,42,49.0,68.0,46.0,5.5,31.244,121.4954,31.2662,121.4841
35316,42,75.0,64.0,32.0,4.7,31.2728,121.4597,31.2688,121.4494
30839,42,11.0,2.0,34.0,4.5,31.2138,121.42,31.2069,121.4278
27230,42,11.0,11.0,30.0,4.1,31.21,121.4144,31.2188,121.4185
9222,42,34.0,34.0,28.0,3.4,31.2361,121.4452,31.2367,121.4412
5153,42,24.0,14.0,35.0,4.5,31.2244,121.4482,31.2117,121.4409
13676,42,22.0,33.0,44.0,5.6,31.2216,121.4241,31.2392,121.4381
25453,42,6.0,16.0,32.0,4.1,31.204,121.4664,31.2103,121.4613
6523,42,99.0,99.0,25.0,3.5,31.2929,121.4992,31.2954,121.4994
31502,42,12.0,14.0,41.0,5.3,31.2114,121.4256,31.216,121.4488
11034,42,24.0,35.0,39.0,5.1,31.2203,121.4462,31.2375,121.4541
35036,42,24.0,24.0,26.0,3.6,31.2211,121.4432,31.2266,121.4469
15474,42,74.0,84.0,31.0,4.3,31.2731,121.4418,31.2824,121.4464
30366,42,24.0,35.0,31.0,3.9,31.2246,121.4457,31.2307,121.4502
37480,42,98.0,98.0,27.0,4.1,31.2985,121.4828,31.2931,121.4869
11730,42,25.0,45.0,34.0,5.1000000000000005,31.2283,121.4558,31.2431,121.4567
3583,42,35.0,24.0,38.0,5.1000000000000005,31.2376,121.4554,31.2264,121.4449
28247,42,58.0,59.0,32.0,3.9,31.251,121.4848,31.2579,121.49
30013,42,25.0,26.0,32.0,4.1,31.226,121.4521,31.2235,121.4618
9159,42,75.0,86.0,27.0,4.2,31.279,121.4546,31.2815,121.4608
9162,42,75.0,76.0,32.0,4.0,31.2728,121.4597,31.2792,121.468
5825,42,93.0,93.0,26.0,4.1,31.2949,121.4341,31.2914,121.4304
24593,42,45.0,45.0,27.0,3.4,31.2435,121.4538,31.2426,121.4573
31990,42,24.0,13.0,36.0,5.0,31.2276,121.4402,31.2165,121.4303
10944,42,22.0,11.0,34.0,4.7,31.228,121.4253,31.2193,121.4133
9312,42,75.0,83.0,48.0,6.0,31.2793,121.4593,31.2825,121.4302
12325,42,75.0,64.0,35.0,4.800000000000001,31.272,121.4514,31.2633,121.4423
7952,42,45.0,45.0,25.0,3.9,31.2457,121.4558,31.2491,121.459
4568,42,12.0,1.0,36.0,4.8,31.2117,121.4299,31.2048,121.4127
31179,42,0.0,0.0,32.0,4.3,31.2004,121.403,31.2097,121.4052
19356,42,99.0,98.0,36.0,4.6000000000000005,31.2929,121.4992,31.2943,121.483
11703,42,2.0,3.0,37.0,4.9,31.2009,121.4216,31.2098,121.4351
31426,42,24.0,23.0,36.0,4.5,31.225,121.4473,31.2203,121.4326
31952,42,49.0,68.0,48.0,5.5,31.244,121.4954,31.2699,121.4876
407,43,7.0,8.0,32.0,4.3,31.2008,121.4797,31.2057,121.4885
6177,43,22.0,32.0,30.0,4.1,31.2247,121.4285,31.233,121.4218
29722,43,56.0,53.0,51.0,5.800000000000001,31.2514,121.4666,31.2503,121.4305
13327,43,12.0,22.0,28.0,4.2,31.2135,121.4231,31.2221,121.4239
31785,43,43.0,45.0,45.0,5.7,31.2466,121.43,31.242,121.4597
26518,43,13.0,22.0,38.0,4.9,31.216,121.4381,31.2271,121.4206
21783,43,11.0,11.0,27.0,4.1,31.2162,121.419,31.2156,121.4162
37459,43,71.0,61.0,36.0,4.5,31.2721,121.412,31.26,121.4132
6057,43,43.0,33.0,34.0,4.1,31.244,121.432,31.2373,121.4398
32431,43,24.0,24.0,27.0,4.0,31.2262,121.4479,31.2279,121.4403
2920,43,11.0,10.0,36.0,4.6000000000000005,31.21,121.4144,31.2161,121.4031
31374,43,35.0,15.0,42.0,5.3,31.2323,121.4515,31.212,121.451
28797,43,68.0,69.0,29.0,3.7,31.2668,121.489,31.2689,121.4964
6490,43,75.0,65.0,28.0,3.8,31.2717,121.4558,31.2698,121.4574
17318,43,43.0,45.0,39.0,4.9,31.244,121.432,31.2434,121.455
21935,43,75.0,74.0,36.0,4.9,31.2702,121.4591,31.2775,121.4455
27363,43,25.0,5.0,41.0,5.4,31.228,121.4563,31.2072,121.4554
12285,43,75.0,75.0,23.0,3.2,31.2785,121.4508,31.2792,121.4501
19064,43,15.0,15.0,26.0,3.8,31.2192,121.4517,31.215,121.4566
1200,43,58.0,47.0,42.0,4.8,31.26,121.486,31.2454,121.4706
6169,43,22.0,41.0,44.0,5.2,31.2266,121.4273,31.2469,121.4175
19414,43,45.0,45.0,31.0,4.3,31.2405,121.4593,31.249,121.4521
28585,43,11.0,10.0,34.0,4.800000000000001,31.2186,121.4139,31.2141,121.4006
8214,43,22.0,22.0,29.0,4.1,31.2267,121.4236,31.222,121.4287
4653,43,44.0,44.0,26.0,3.7,31.2458,121.4456,31.2468,121.45
11791,43,71.0,61.0,32.0,4.7,31.2761,121.4138,31.2633,121.4108
25933,43,12.0,11.0,33.0,4.5,31.2117,121.4299,31.2179,121.417
24499,43,35.0,15.0,42.0,5.4,31.2383,121.4529,31.2144,121.4548
10698,43,36.0,44.0,43.0,5.9,31.2364,121.469,31.242,121.4414
17307,43,24.0,14.0,30.0,4.0,31.2276,121.4402,31.2183,121.4416
22204,43,24.0,24.0,26.0,4.2,31.2262,121.4479,31.2242,121.4417
27599,43,58.0,48.0,25.0,3.7,31.2503,121.4823,31.2484,121.4831
17154,43,24.0,24.0,27.0,4.1,31.2262,121.4479,31.2236,121.4448
12307,43,75.0,64.0,40.0,5.0,31.2793,121.4593,31.265,121.4457
12784,43,0.0,0.0,25.0,3.6,31.2069,121.4074,31.2047,121.408
17694,43,35.0,15.0,42.0,5.2,31.2383,121.4529,31.2153,121.4567
25260,43,36.0,15.0,44.0,5.1,31.2334,121.4664,31.2136,121.4578
11078,44,44.0,44.0,24.0,3.8,31.2435,121.4452,31.2423,121.4489
35483,44,34.0,45.0,36.0,5.1,31.2316,121.4431,31.2437,121.457
20758,44,75.0,50.0,62.0,7.7,31.2704,121.4521,31.2501,121.4055
28667,44,35.0,35.0,26.0,4.1,31.2343,121.4579,31.2349,121.4549
24418,44,72.0,92.0,40.0,4.699999999999999,31.2758,121.421,31.2936,121.4207
6068,44,26.0,26.0,28.0,3.8,31.2236,121.4662,31.2217,121.4615
27692,44,94.0,94.0,27.0,3.4,31.296,121.446,31.2965,121.4419
3033,44,35.0,25.0,25.0,3.8,31.2309,121.459,31.2291,121.4549
14637,44,77.0,78.0,28.0,4.1,31.2707,121.4788,31.2735,121.4867
32861,44,69.0,69.0,31.0,4.7,31.2606,121.4982,31.2699,121.4957
11660,44,35.0,15.0,38.0,4.6,31.2343,121.4579,31.2171,121.453
27050,44,34.0,35.0,27.0,3.8,31.2329,121.4453,31.2357,121.4502
16316,44,68.0,77.0,30.0,4.1,31.2656,121.4871,31.2703,121.4792
21044,44,22.0,12.0,33.0,4.3,31.2266,121.4273,31.2134,121.4262
13487,44,26.0,17.0,30.0,4.0,31.2248,121.4674,31.2182,121.4773
10498,44,22.0,23.0,34.0,4.2,31.2268,121.4202,31.2245,121.433
10143,44,68.0,69.0,38.0,4.5,31.2623,121.4815,31.2638,121.4977
24666,44,11.0,1.0,32.0,3.9,31.2138,121.42,31.207,121.4142
2852,44,18.0,8.0,38.0,5.3,31.219,121.4885,31.2018,121.4891
32783,44,25.0,14.0,36.0,5.0,31.221,121.4568,31.2119,121.4428
1228,44,27.0,27.0,28.0,3.9,31.2298,121.4761,31.225,121.4761
34931,44,35.0,26.0,29.0,4.3,31.2317,121.4585,31.2263,121.4624
34267,44,24.0,15.0,43.0,5.3,31.2278,121.4445,31.2106,121.457
845,44,22.0,33.0,32.0,4.1,31.2237,121.4242,31.2301,121.4349
5209,44,45.0,35.0,37.0,4.699999999999999,31.2474,121.4578,31.2308,121.4533
28900,44,6.0,9.0,46.0,5.800000000000001,31.2025,121.4695,31.2086,121.4959
38130,44,15.0,15.0,30.0,4.2,31.2186,121.4593,31.2117,121.4556
23786,44,72.0,70.0,40.0,5.3,31.2737,121.427,31.2777,121.4052
16451,44,11.0,11.0,27.0,3.5,31.2174,121.4163,31.2161,121.4188
33171,44,37.0,37.0,31.0,4.2,31.2307,121.4767,31.2352,121.4702
11878,44,16.0,35.0,47.0,6.1,31.212,121.4646,31.2378,121.4538
5337,44,75.0,85.0,26.0,3.8,31.2788,121.4563,31.283,121.4595
22883,44,0.0,0.0,23.0,3.2,31.2055,121.4005,31.2056,121.4027
26486,44,12.0,3.0,32.0,4.4,31.2135,121.4231,31.208,121.4367
31736,44,26.0,26.0,31.0,4.5,31.2277,121.4674,31.2208,121.4681
34477,44,74.0,74.0,29.0,4.0,31.2731,121.4418,31.2741,121.449
27607,44,2.0,2.0,26.0,3.4000000000000004,31.2009,121.4216,31.2001,121.4231
7977,44,17.0,19.0,37.0,4.800000000000001,31.2138,121.4771,31.2141,121.4938
17288,44,43.0,26.0,54.0,6.5,31.2475,121.433,31.2201,121.4621
8148,45,34.0,34.0,28.0,4.1,31.2398,121.4443,31.2329,121.4441
3224,45,57.0,67.0,38.0,4.9,31.2549,121.4759,31.2696,121.4705
17231,45,31.0,21.0,33.0,4.0,31.2354,121.4196,31.2259,121.4142
29197,45,24.0,23.0,31.0,4.3,31.2244,121.4482,31.2277,121.4381
8580,45,38.0,37.0,33.0,4.9,31.232,121.4862,31.2326,121.4705
34250,45,38.0,38.0,29.0,3.9,31.2381,121.4852,31.2357,121.48
7664,45,69.0,88.0,44.0,6.1000000000000005,31.2611,121.4985,31.2856,121.4886
35539,45,17.0,17.0,30.0,4.3,31.2172,121.4782,31.2169,121.4728
2870,45,72.0,53.0,41.0,5.5,31.2758,121.421,31.2581,121.432
5086,45,0.0,0.0,29.0,3.6,31.2023,121.4008,31.2017,121.4067
30750,45,88.0,89.0,33.0,4.7,31.2808,121.4868,31.2872,121.495
21310,45,62.0,62.0,28.0,4.2,31.2614,121.4202,31.2651,121.4269
14287,45,18.0,8.0,33.0,4.0,31.2128,121.4818,31.2043,121.4867
26209,45,24.0,14.0,29.0,3.8,31.2267,121.4488,31.2196,121.4456
5634,45,31.0,40.0,34.0,4.6000000000000005,31.2359,121.4171,31.246,121.4068
3075,45,35.0,24.0,37.0,4.6000000000000005,31.2344,121.4596,31.2265,121.4464
9197,45,58.0,58.0,26.0,3.6,31.2545,121.4855,31.2524,121.4881
31813,45,24.0,13.0,34.0,4.9,31.2262,121.4419,31.2146,121.4334
1897,45,33.0,24.0,39.0,5.2,31.2349,121.4303,31.2232,121.4464
24022,45,25.0,35.0,38.0,5.199999999999999,31.22,121.4515,31.2358,121.4584
24385,45,44.0,44.0,26.0,3.4,31.2436,121.444,31.246,121.4408
13473,45,22.0,32.0,27.0,3.7,31.229,121.4257,31.2341,121.4221
82,45,11.0,20.0,32.0,4.3,31.2186,121.4139,31.2238,121.4039
26892,45,28.0,26.0,31.0,4.2,31.226,121.4812,31.227,121.469
29824,45,35.0,54.0,48.0,5.800000000000001,31.2351,121.4544,31.2587,121.4407
27427,45,89.0,98.0,30.0,4.1,31.2859,121.4915,31.2906,121.4821
8307,45,0.0,1.0,36.0,5.1000000000000005,31.2004,121.403,31.2071,121.4187
36042,45,12.0,2.0,27.0,3.8,31.2114,121.4256,31.2071,121.4274
24650,45,71.0,70.0,27.0,3.6,31.2718,121.4164,31.2703,121.41
27252,45,33.0,34.0,33.0,4.4,31.2346,121.4326,31.2379,121.4473
1453,45,18.0,8.0,29.0,4.2,31.2137,121.4818,31.2083,121.4818
17773,46,35.0,35.0,26.0,4.1,31.24,121.4575,31.2373,121.4519
34742,46,44.0,43.0,29.0,3.9,31.2444,121.4465,31.2447,121.4381
21666,46,4.0,4.0,30.0,4.1,31.2035,121.4468,31.2069,121.4422
35546,46,24.0,15.0,35.0,4.5,31.2214,121.4437,31.2122,121.4558
15851,46,45.0,45.0,27.0,3.7,31.2427,121.4573,31.2465,121.4545
17677,46,31.0,31.0,24.0,3.4,31.2323,121.4107,31.2307,121.4156
16101,46,75.0,44.0,53.0,6.9,31.2755,121.4585,31.2432,121.4446
18861,46,68.0,69.0,30.0,4.0,31.2656,121.4871,31.266,121.4977
9878,46,24.0,15.0,34.0,4.7,31.2216,121.4493,31.2114,121.4512
21720,46,58.0,58.0,23.0,3.3000000000000003,31.2585,121.4861,31.2588,121.4881
17881,46,25.0,23.0,44.0,5.4,31.2218,121.4565,31.2272,121.4317
10368,46,12.0,2.0,36.0,5.1000000000000005,31.215,121.4262,31.2,121.4266
6399,46,58.0,58.0,30.0,3.8,31.258,121.4878,31.2543,121.483
27964,46,25.0,26.0,33.0,4.3,31.2293,121.4595,31.2205,121.467
17997,46,31.0,11.0,40.0,5.1,31.2303,121.4199,31.2142,121.4173
37423,46,24.0,23.0,32.0,4.7,31.2252,121.4493,31.22,121.4368
25508,46,48.0,48.0,30.0,4.1,31.2465,121.4877,31.241,121.4879
25949,46,24.0,25.0,35.0,5.1000000000000005,31.2218,121.4411,31.2277,121.4579
18616,46,35.0,16.0,42.0,5.2,31.2302,121.453,31.2107,121.4623
28897,46,35.0,25.0,26.0,3.8,31.2302,121.453,31.23,121.4504
3292,46,25.0,36.0,32.0,4.1,31.2269,121.4582,31.234,121.4631
2565,46,67.0,79.0,37.0,5.3,31.2687,121.4721,31.271,121.4921
3227,46,35.0,25.0,30.0,4.5,31.2335,121.4565,31.2249,121.4542
24407,46,8.0,7.0,31.0,4.2,31.2076,121.4825,31.2034,121.4726
171,46,45.0,36.0,32.0,4.2,31.2435,121.4538,31.2326,121.462
366,46,31.0,31.0,28.0,3.8,31.2392,121.4189,31.2356,121.4111
3267,46,75.0,44.0,56.0,6.9,31.2793,121.4593,31.2441,121.4431
2902,46,24.0,24.0,30.0,4.1,31.2204,121.4481,31.2257,121.4452
1322,46,12.0,13.0,34.0,4.9,31.215,121.4262,31.2189,121.44
27417,46,76.0,73.0,47.0,5.800000000000001,31.2732,121.4619,31.2777,121.4316
19055,46,45.0,45.0,26.0,3.9,31.2468,121.4578,31.2496,121.4546
28706,46,24.0,44.0,41.0,5.3,31.2263,121.4456,31.2486,121.4443
32086,47,44.0,55.0,35.0,5.1000000000000005,31.2435,121.4452,31.2538,121.4591
35549,47,25.0,26.0,31.0,3.9,31.2273,121.455,31.2227,121.4627
29566,47,35.0,25.0,32.0,4.2,31.2323,121.4515,31.2241,121.4557
32967,47,57.0,59.0,36.0,4.6,31.2553,121.4754,31.2571,121.4949
2937,47,25.0,16.0,31.0,4.4,31.2254,121.4586,31.2195,121.4669
3299,47,77.0,67.0,30.0,4.2,31.2735,121.4759,31.2663,121.4741
478,47,34.0,34.0,27.0,3.5,31.236,121.4469,31.2379,121.4429
35873,47,27.0,27.0,22.0,3.6,31.224,121.4771,31.2223,121.4762
24913,47,61.0,70.0,34.0,4.3,31.2619,121.418,31.2701,121.407
26157,47,24.0,24.0,32.0,4.3,31.2296,121.4403,31.2211,121.4456
4662,47,24.0,25.0,32.0,4.5,31.2252,121.4493,31.228,121.4582
10357,47,26.0,26.0,29.0,4.1,31.2277,121.4674,31.2273,121.4617
16581,47,7.0,18.0,28.0,4.3,31.2084,121.474,31.2101,121.4824
7294,47,57.0,48.0,34.0,4.4,31.2519,121.4721,31.2416,121.4805
7299,47,57.0,59.0,42.0,4.9,31.2565,121.4763,31.25,121.4965
2936,47,35.0,25.0,30.0,4.0,31.2317,121.4585,31.2258,121.46
6491,47,35.0,13.0,46.0,5.6000000000000005,31.2317,121.4585,31.2134,121.4387
13197,47,24.0,25.0,32.0,4.3,31.2262,121.4419,31.2219,121.4536
23009,47,22.0,22.0,26.0,3.7,31.2268,121.4202,31.2205,121.423
35023,47,79.0,97.0,51.0,6.500000000000001,31.2765,121.5,31.2996,121.4789
19142,47,15.0,27.0,43.0,5.0,31.2192,121.4517,31.2289,121.4736
22189,47,79.0,97.0,50.0,6.3,31.2716,121.4942,31.297,121.48
19252,47,44.0,55.0,42.0,4.9,31.2441,121.4404,31.2599,121.4519
26559,47,25.0,37.0,38.0,4.8,31.2283,121.4558,31.2389,121.4757
4894,47,75.0,87.0,42.0,5.3,31.2713,121.4532,31.2855,121.4742
25102,47,74.0,64.0,26.0,3.9,31.2703,121.4411,31.2651,121.4452
34550,47,58.0,58.0,32.0,4.5,31.2503,121.4823,31.2591,121.4819
35534,47,12.0,13.0,34.0,4.4,31.2177,121.4251,31.2159,121.4372
28967,47,77.0,67.0,32.0,3.8,31.2721,121.4799,31.2687,121.4704
16121,47,35.0,27.0,43.0,5.7,31.2335,121.4565,31.2211,121.4787
14495,47,36.0,25.0,36.0,4.5,31.238,121.4646,31.2267,121.4518
16812,47,31.0,31.0,29.0,4.2,31.2335,121.4105,31.2357,121.4165
28191,48,31.0,41.0,30.0,3.9,31.2359,121.4171,31.2406,121.4164
15403,48,28.0,38.0,32.0,4.1,31.226,121.4812,31.2333,121.487
33339,48,45.0,56.0,30.0,4.1,31.2468,121.4578,31.2522,121.4688
692,48,1.0,2.0,28.0,3.9,31.209,121.4158,31.2044,121.4214
10973,48,24.0,24.0,28.0,4.1,31.2258,121.4479,31.2288,121.4407
5498,48,94.0,94.0,25.0,3.9,31.2906,121.4418,31.2902,121.441
11844,48,62.0,62.0,34.0,4.4,31.2614,121.4202,31.2699,121.4256
37886,48,10.0,0.0,34.0,4.800000000000001,31.216,121.4086,31.201,121.4091
3534,48,68.0,68.0,26.0,3.6,31.2626,121.4855,31.2688,121.484
35758,48,77.0,67.0,31.0,4.1,31.2724,121.4785,31.2684,121.4712
387,48,58.0,48.0,30.0,4.3,31.252,121.486,31.2488,121.49
3701,48,44.0,33.0,40.0,5.199999999999999,31.2458,121.4456,31.2317,121.4329
2523,48,31.0,41.0,33.0,4.7,31.2324,121.4117,31.2451,121.4147
14959,48,15.0,24.0,33.0,4.6000000000000005,31.2148,121.4546,31.2252,121.4472
24902,48,84.0,84.0,30.0,3.7,31.2846,121.4463,31.2808,121.4413
1028,48,56.0,56.0,28.0,3.4,31.2543,121.464,31.2527,121.4616
5008,48,57.0,48.0,41.0,5.6,31.2581,121.4703,31.2418,121.4877
9897,48,27.0,38.0,36.0,4.3,31.2285,121.4757,31.2332,121.4889
14687,48,11.0,1.0,32.0,4.2,31.2107,121.4101,31.2091,121.419
4349,48,45.0,45.0,28.0,4.2,31.2468,121.4578,31.2405,121.4565
27765,48,33.0,32.0,39.0,4.9,31.2312,121.4394,31.2384,121.4206
14494,48,35.0,26.0,38.0,4.5,31.2383,121.459,31.2258,121.4652
2569,48,28.0,38.0,28.0,4.2,31.226,121.4812,31.2337,121.4822
25731,48,41.0,44.0,43.0,5.6,31.2493,121.4176,31.2406,121.4414
8135,48,80.0,92.0,41.0,5.5,31.2867,121.4038,31.2943,121.424
4476,48,24.0,14.0,26.0,4.2,31.2211,121.4455,31.216,121.4463
283,48,24.0,34.0,38.0,5.3,31.221,121.4415,31.2392,121.4469
29531,49,53.0,44.0,30.0,3.6,31.2502,121.4368,31.2468,121.441
20579,49,53.0,53.0,31.0,3.8,31.259,121.4362,31.2529,121.4327
30488,49,25.0,25.0,31.0,4.5,31.2211,121.4565,31.2299,121.4536
1884,49,35.0,45.0,40.0,4.8,31.2302,121.453,31.2484,121.4566
14025,49,77.0,77.0,24.0,3.5,31.2784,121.4785,31.2764,121.479
33871,49,88.0,98.0,39.0,4.699999999999999,31.2808,121.4868,31.296,121.4818
8457,49,25.0,26.0,35.0,4.4,31.2296,121.4546,31.228,121.4692
23475,49,75.0,64.0,38.0,5.1,31.2799,121.4537,31.2627,121.4441
5158,49,8.0,8.0,29.0,4.0,31.2063,121.4817,31.2065,121.4887
31239,49,11.0,21.0,40.0,5.0,31.2104,121.4115,31.2286,121.4127
14674,49,90.0,90.0,30.0,4.4,31.296,121.401,31.2997,121.4079
34415,49,75.0,75.0,30.0,3.9,31.2767,121.45,31.2794,121.4585
22377,49,26.0,14.0,48.0,5.800000000000001,31.2277,121.4674,31.2128,121.4426
8343,49,25.0,15.0,26.0,4.0,31.2205,121.4529,31.2178,121.4583
12398,49,31.0,30.0,29.0,3.8,31.2345,121.4116,31.2369,121.4032
32467,49,77.0,75.0,46.0,5.7,31.2707,121.4788,31.2762,121.4514
25475,49,11.0,13.0,43.0,5.6,31.2104,121.4115,31.2187,121.4357
34014,49,25.0,15.0,37.0,5.199999999999999,31.2283,121.4558,31.2125,121.4542
12690,49,33.0,34.0,29.0,4.1,31.2346,121.4326,31.23,121.4415
13367,49,2.0,12.0,39.0,4.699999999999999,31.2009,121.4216,31.2175,121.4215
10468,49,25.0,25.0,28.0,3.6,31.2293,121.4595,31.2263,121.4589
37805,49,26.0,25.0,32.0,4.7,31.2294,121.4693,31.23,121.4558
28411,49,25.0,26.0,30.0,3.9,31.2296,121.4546,31.2274,121.4645
33764,49,11.0,30.0,43.0,5.3,31.2135,121.4125,31.2342,121.4065
12073,49,24.0,24.0,29.0,4.3,31.2278,121.4411,31.2224,121.4407
9209,50,24.0,15.0,31.0,4.1,31.2216,121.4493,31.215,121.4565
2015,50,24.0,12.0,38.0,4.9,31.221,121.4415,31.215,121.4225
34128,50,25.0,26.0,30.0,4.2,31.221,121.4568,31.2249,121.4644
13297,50,57.0,47.0,28.0,3.9,31.2549,121.4759,31.2495,121.4741
17137,50,42.0,42.0,30.0,4.3,31.2425,121.4247,31.2471,121.4266
15916,50,58.0,59.0,32.0,4.5,31.2571,121.4841,31.2525,121.4977
5713,50,13.0,23.0,30.0,4.3,31.2164,121.4349,31.2206,121.4392
1704,50,24.0,14.0,30.0,4.5,31.2233,121.4449,31.2158,121.4432
13635,50,58.0,68.0,37.0,4.7,31.2513,121.4844,31.265,121.4876
6844,50,15.0,15.0,26.0,4.0,31.2134,121.4521,31.2151,121.4543
25084,50,77.0,57.0,33.0,4.800000000000001,31.2716,121.4736,31.2594,121.4754
35147,50,12.0,33.0,46.0,5.4,31.2131,121.4294,31.2352,121.4356
28492,50,75.0,86.0,38.0,4.800000000000001,31.2778,121.4518,31.2804,121.4693
30530,50,35.0,26.0,34.0,4.9,31.2375,121.4595,31.2254,121.4649
4301,50,42.0,43.0,34.0,4.4,31.2425,121.4247,31.241,121.4394
397,50,71.0,72.0,35.0,4.3,31.2719,121.4121,31.2742,121.4253
16767,50,12.0,12.0,24.0,3.7,31.215,121.4262,31.212,121.4227
35778,50,35.0,14.0,43.0,5.3,31.2399,121.4559,31.2187,121.4448
32512,50,15.0,15.0,27.0,3.8,31.2148,121.4546,31.2135,121.4572
23373,50,31.0,31.0,28.0,3.6,31.2303,121.4121,31.2359,121.4122
16903,50,16.0,15.0,34.0,4.6,31.212,121.4646,31.2115,121.4518
22306,50,12.0,22.0,26.0,3.8,31.2165,121.4222,31.2217,121.4268
37894,50,56.0,56.0,25.0,3.3000000000000003,31.2507,121.4667,31.2501,121.4642
17135,50,42.0,43.0,30.0,4.0,31.2425,121.4247,31.2497,121.4303
12799,50,11.0,12.0,27.0,4.2,31.215,121.4193,31.2168,121.426
29963,50,42.0,43.0,30.0,4.6,31.2425,121.4247,31.2402,121.4364
3475,51,6.0,16.0,29.0,3.8,31.2051,121.4621,31.2115,121.4676
5177,51,12.0,13.0,28.0,4.0,31.2123,121.4268,31.216,121.4363
13450,51,11.0,11.0,28.0,3.5,31.2139,121.4137,31.2111,121.4129
4501,51,25.0,18.0,49.0,6.500000000000001,31.2265,121.4529,31.2166,121.4852
17155,51,24.0,32.0,35.0,4.2,31.2296,121.4403,31.2346,121.4271
17184,51,90.0,82.0,46.0,6.0,31.2935,121.4029,31.2808,121.429
30845,51,12.0,13.0,38.0,5.199999999999999,31.22,121.4211,31.2132,121.4378
24414,51,22.0,10.0,43.0,5.7,31.2247,121.4285,31.2149,121.4042
6778,51,44.0,23.0,36.0,4.9,31.2415,121.4448,31.2262,121.4355
24180,51,11.0,13.0,38.0,5.1,31.2141,121.4105,31.2112,121.4302
34743,51,44.0,54.0,33.0,4.5,31.2448,121.4493,31.2565,121.4467
13436,51,27.0,16.0,29.0,3.8,31.2243,121.4731,31.2183,121.4683
23905,51,76.0,76.0,27.0,3.6,31.2759,121.4696,31.2744,121.4671
19985,51,7.0,7.0,26.0,4.1,31.2042,121.4728,31.2015,121.4747
20826,51,2.0,3.0,34.0,5.0,31.2009,121.4216,31.2086,121.4364
26357,51,69.0,49.0,35.0,4.6000000000000005,31.2606,121.4982,31.2468,121.4924
3365,51,11.0,10.0,36.0,4.800000000000001,31.2124,121.4159,31.2179,121.4043
30018,51,90.0,82.0,40.0,5.2,31.2935,121.4029,31.2834,121.4216
33862,51,35.0,25.0,31.0,4.0,31.2376,121.4554,31.2296,121.4502
396,51,89.0,89.0,25.0,3.8,31.2883,121.499,31.2876,121.4993
22588,51,12.0,11.0,32.0,4.5,31.22,121.4211,31.2102,121.4181
973,51,45.0,25.0,43.0,5.2,31.2433,121.4554,31.2211,121.4561
26147,51,34.0,35.0,34.0,4.4,31.2329,121.4453,31.2382,121.4571
36739,51,76.0,76.0,25.0,4.1,31.2733,121.4612,31.2733,121.4662
1399,51,24.0,35.0,31.0,4.5,31.2297,121.4414,31.2359,121.4519
38402,51,75.0,76.0,37.0,5.1000000000000005,31.2778,121.4518,31.272,121.4662
31637,52,25.0,24.0,36.0,4.6000000000000005,31.228,121.4563,31.2259,121.4409
25645,52,22.0,22.0,26.0,3.8,31.2216,121.4241,31.2213,121.4243
11300,52,11.0,22.0,31.0,4.7,31.2174,121.4163,31.2216,121.4269
35731,52,15.0,25.0,37.0,4.5,31.2155,121.4508,31.2288,121.4547
6269,52,54.0,54.0,31.0,4.5,31.2597,121.4484,31.2504,121.443
9801,52,34.0,45.0,34.0,4.7,31.2329,121.4453,31.2442,121.451
12767,52,45.0,36.0,34.0,4.4,31.2433,121.4554,31.2396,121.4681
37256,52,45.0,45.0,30.0,4.0,31.2405,121.4593,31.2497,121.4566
12045,52,16.0,15.0,24.0,3.9,31.2146,121.4618,31.2175,121.4597
3716,52,75.0,74.0,31.0,4.6,31.2767,121.45,31.2704,121.4408
25268,52,26.0,36.0,38.0,5.3,31.2236,121.4662,31.2398,121.4695
20635,52,61.0,51.0,28.0,4.0,31.265,121.4126,31.2591,121.4167
26969,52,88.0,99.0,38.0,4.6000000000000005,31.2808,121.4868,31.2957,121.4912
7365,52,25.0,13.0,42.0,5.1,31.2283,121.4558,31.2183,121.4362
5436,52,24.0,24.0,26.0,4.2,31.2262,121.4479,31.2219,121.4427
7519,52,6.0,5.0,32.0,4.4,31.2051,121.4607,31.2027,121.4511
20957,52,42.0,52.0,34.0,4.3,31.2487,121.4203,31.2575,121.4251
10140,52,32.0,44.0,47.0,5.9,31.2337,121.4227,31.2437,121.4495
4427,52,75.0,55.0,37.0,5.0,31.2734,121.4563,31.2574,121.4571
21290,52,25.0,26.0,34.0,4.2,31.2237,121.4537,31.2239,121.4663
965,52,11.0,31.0,38.0,5.0,31.2186,121.4139,31.2345,121.4153
2709,52,69.0,69.0,25.0,3.9,31.2611,121.4985,31.2611,121.4978
29501,52,33.0,34.0,30.0,4.0,31.2332,121.4394,31.2336,121.445
9831,52,98.0,98.0,31.0,4.7,31.2985,121.4828,31.2901,121.4899
29759,53,17.0,17.0,27.0,3.6,31.2144,121.4709,31.2127,121.4773
13195,53,24.0,24.0,24.0,3.8,31.2259,121.45,31.2261,121.4487
9564,53,45.0,47.0,32.0,4.2,31.2475,121.4562,31.25,121.4717
465,53,57.0,59.0,38.0,5.2,31.2519,121.4721,31.2534,121.4942
3066,53,48.0,58.0,33.0,4.3,31.2459,121.4837,31.2562,121.4882
7476,53,68.0,58.0,30.0,4.1,31.2665,121.4813,31.2598,121.4802
38404,53,75.0,75.0,27.0,3.6,31.2709,121.4555,31.2765,121.4572
8562,53,44.0,34.0,30.0,4.2,31.2441,121.4404,31.2377,121.449
17425,53,46.0,55.0,37.0,4.699999999999999,31.2447,121.4684,31.2512,121.4505
34375,53,35.0,25.0,36.0,4.800000000000001,31.2361,121.4527,31.2234,121.4536
3457,53,94.0,95.0,32.0,4.6,31.2906,121.4418,31.2909,121.454
27349,53,57.0,58.0,36.0,4.800000000000001,31.2519,121.4721,31.2543,121.4881
27993,53,17.0,27.0,26.0,3.8,31.2172,121.4782,31.2236,121.4776
25363,53,35.0,34.0,30.0,4.4,31.2378,121.4568,31.237,121.4459
30109,53,75.0,55.0,44.0,5.7,31.2764,121.4598,31.2529,121.4581
7183,53,25.0,35.0,26.0,3.9,31.2269,121.4582,31.2311,121.4585
29446,53,36.0,26.0,36.0,4.4,31.238,121.4646,31.2252,121.4669
36725,53,35.0,44.0,32.0,4.7,31.2383,121.4529,31.2458,121.443
26347,53,23.0,23.0,31.0,3.8,31.2289,121.4389,31.2214,121.4333
12164,53,13.0,13.0,34.0,4.5,31.2104,121.4345,31.2188,121.4385
4682,53,33.0,33.0,28.0,4.0,31.2305,121.4318,31.2381,121.4343
31719,53,25.0,24.0,32.0,4.4,31.2253,121.4558,31.2271,121.4402
25413,53,23.0,14.0,33.0,4.9,31.2256,121.438,31.2184,121.4491
31620,54,24.0,23.0,29.0,4.0,31.2297,121.4415,31.2291,121.4323
462,54,57.0,59.0,43.0,5.3,31.2581,121.4703,31.2532,121.4962
1347,54,24.0,25.0,38.0,4.8,31.2278,121.4411,31.2224,121.4585
29060,54,27.0,28.0,32.0,4.2,31.224,121.4771,31.2233,121.4894
29794,54,45.0,45.0,31.0,3.9,31.2405,121.4593,31.2477,121.4559
4747,54,44.0,44.0,27.0,3.4,31.2421,121.4471,31.2447,121.443
12396,54,31.0,32.0,31.0,4.4,31.2345,121.4116,31.2327,121.4228
16982,54,35.0,45.0,27.0,3.8,31.2356,121.4518,31.2415,121.4531
34813,54,75.0,84.0,32.0,4.3,31.2778,121.4518,31.2869,121.4446
33941,54,58.0,68.0,31.0,4.0,31.258,121.4878,31.2643,121.4848
19993,54,8.0,8.0,26.0,3.7,31.2063,121.4817,31.203,121.4853
32559,54,90.0,81.0,40.0,4.6,31.296,121.401,31.289,121.4178
35958,54,25.0,45.0,34.0,4.5,31.228,121.4563,31.2428,121.4555
3169,54,11.0,12.0,28.0,4.1,31.2174,121.4163,31.2174,121.4239
34546,54,35.0,14.0,43.0,5.800000000000001,31.2376,121.4554,31.2149,121.4444
17978,54,24.0,24.0,26.0,3.8,31.2297,121.4414,31.229,121.4406
7499,54,24.0,24.0,31.0,4.2,31.2203,121.4462,31.2297,121.4489
22214,54,58.0,48.0,35.0,4.5,31.252,121.486,31.24,121.4855
38192,54,35.0,35.0,28.0,3.7,31.2323,121.4515,31.2366,121.4526
24516,54,44.0,34.0,34.0,4.5,31.2421,121.4471,31.2325,121.4489
27634,54,6.0,16.0,28.0,3.8,31.2079,121.4604,31.2146,121.4639
11374,55,13.0,13.0,22.0,3.9,31.2106,121.4369,31.2109,121.4359
20293,55,68.0,69.0,23.0,3.8,31.2696,121.4888,31.2692,121.4901
24190,55,17.0,17.0,25.0,4.0,31.2172,121.4782,31.214,121.4788
21574,55,12.0,20.0,39.0,5.3,31.2165,121.4222,31.2272,121.4043
12885,55,27.0,17.0,30.0,4.3,31.2226,121.4737,31.216,121.4781
36255,55,11.0,13.0,36.0,5.1,31.2162,121.419,31.2198,121.4372
15696,55,13.0,32.0,52.0,6.1000000000000005,31.2102,121.4391,31.235,121.4203
3542,55,25.0,27.0,41.0,4.9,31.2294,121.4534,31.2271,121.4743
25078,55,24.0,24.0,22.0,3.8,31.2204,121.4481,31.2221,121.4472
37042,55,13.0,13.0,31.0,3.8,31.216,121.4381,31.2149,121.4302
20264,55,71.0,71.0,26.0,4.0,31.2786,121.4165,31.274,121.4163
23287,55,57.0,68.0,36.0,5.1000000000000005,31.2563,121.4716,31.2603,121.4884
14470,55,58.0,38.0,39.0,5.0,31.251,121.4848,31.2324,121.485
16376,55,25.0,27.0,40.0,5.1,31.222,121.4577,31.2296,121.4769
33107,55,27.0,27.0,28.0,4.0,31.2226,121.4737,31.2268,121.4706
33127,55,68.0,69.0,29.0,3.9,31.2656,121.4871,31.2609,121.495
17675,55,27.0,27.0,25.0,3.9,31.225,121.4778,31.2216,121.4745
34058,56,22.0,13.0,37.0,5.1,31.2261,121.4274,31.2116,121.4389
14052,56,25.0,35.0,39.0,5.3,31.2205,121.4529,31.2395,121.4521
15693,56,13.0,22.0,40.0,5.3,31.216,121.4381,31.2265,121.4209
1311,56,26.0,17.0,38.0,5.1000000000000005,31.2294,121.4693,31.2171,121.4795
2102,56,24.0,24.0,29.0,4.2,31.2235,121.4481,31.2251,121.4407
14169,56,33.0,33.0,29.0,4.1,31.2388,121.4312,31.232,121.4361
17059,56,35.0,25.0,33.0,4.7,31.2378,121.4568,31.2272,121.4593
38081,56,24.0,23.0,35.0,4.5,31.2278,121.4445,31.2205,121.433
22327,56,24.0,24.0,31.0,4.1,31.2244,121.4482,31.2271,121.4409
3175,56,6.0,17.0,41.0,5.3,31.2051,121.4607,31.2153,121.4797
11121,56,61.0,62.0,34.0,4.5,31.2635,121.4193,31.2692,121.4282
1218,56,25.0,35.0,30.0,4.1,31.2269,121.4582,31.2301,121.4525
23732,56,77.0,67.0,30.0,4.3,31.2763,121.4703,31.2653,121.4725
34784,56,75.0,51.0,52.0,6.7,31.2704,121.4515,31.2533,121.4154
2405,56,45.0,44.0,32.0,4.800000000000001,31.2457,121.4558,31.2427,121.4428
35344,57,68.0,59.0,32.0,4.5,31.2623,121.4815,31.2564,121.4947
34033,57,24.0,14.0,26.0,3.7,31.2204,121.4481,31.2195,121.4499
5810,57,25.0,34.0,36.0,4.5,31.222,121.4577,31.2345,121.4495
20685,57,62.0,72.0,38.0,4.800000000000001,31.2614,121.4202,31.2726,121.4299
10940,57,22.0,24.0,40.0,5.3,31.2223,121.4209,31.2211,121.4449
6955,57,12.0,1.0,40.0,5.0,31.215,121.4262,31.2013,121.4152
13642,57,24.0,15.0,36.0,4.9,31.2252,121.4493,31.2133,121.4587
2641,57,35.0,35.0,30.0,4.0,31.2383,121.459,31.2369,121.4537
33142,57,58.0,78.0,40.0,5.4,31.252,121.486,31.2708,121.4815
1010,57,35.0,25.0,42.0,5.4,31.2383,121.459,31.2216,121.4509
1201,57,58.0,58.0,24.0,3.4,31.2571,121.4841,31.2544,121.4836
23207,57,12.0,11.0,31.0,4.5,31.2123,121.4268,31.2145,121.4184
28309,57,35.0,35.0,27.0,3.8,31.2351,121.4544,31.2376,121.4582
36041,57,12.0,11.0,28.0,4.1,31.2114,121.4256,31.2149,121.4181
33924,57,26.0,34.0,46.0,6.0,31.2236,121.4662,31.2385,121.4419
8910,57,18.0,8.0,28.0,3.8,31.2129,121.4862,31.2048,121.486
5666,57,35.0,36.0,32.0,4.4,31.2376,121.4554,31.2388,121.4687
17412,57,95.0,97.0,36.0,5.1,31.2984,121.4545,31.2984,121.4734
27283,57,31.0,50.0,41.0,5.0,31.236,121.4163,31.2558,121.4051
26869,57,58.0,58.0,32.0,4.0,31.26,121.486,31.251,121.4806
36141,58,11.0,11.0,24.0,3.9,31.2171,121.414,31.2196,121.4118
2134,58,12.0,13.0,29.0,3.9,31.2102,121.4286,31.2172,121.4313
20071,58,62.0,52.0,39.0,5.0,31.2673,121.4237,31.2502,121.4238
26387,58,68.0,58.0,36.0,4.7,31.2653,121.4889,31.2526,121.4801
2564,58,77.0,58.0,42.0,5.6000000000000005,31.2769,121.4718,31.2567,121.4849
34432,58,14.0,13.0,31.0,3.8,31.2153,121.4446,31.2154,121.436
26904,58,58.0,67.0,32.0,4.5,31.258,121.4878,31.2624,121.4759
36357,58,38.0,38.0,30.0,4.2,31.232,121.4862,31.2362,121.4886
7901,58,25.0,25.0,30.0,4.4,31.2296,121.4546,31.2208,121.4577
8529,58,75.0,74.0,33.0,4.7,31.2704,121.4521,31.2794,121.4437
15470,58,85.0,74.0,31.0,4.2,31.2831,121.4517,31.2747,121.448
14310,58,57.0,58.0,27.0,3.8,31.2565,121.4763,31.2568,121.4832
23398,58,62.0,64.0,43.0,5.2,31.2614,121.4202,31.2637,121.4474
13384,58,13.0,23.0,38.0,4.9,31.2102,121.4391,31.2229,121.4332
10559,58,71.0,71.0,24.0,3.7,31.2719,121.4121,31.2707,121.416
20141,59,24.0,24.0,24.0,3.4000000000000004,31.2266,121.4427,31.2258,121.4446
4536,59,7.0,7.0,31.0,4.3,31.2008,121.4797,31.2095,121.4734
37534,59,11.0,22.0,37.0,4.7,31.2139,121.4137,31.2206,121.4275
37761,59,45.0,45.0,31.0,4.4,31.2474,121.4578,31.2418,121.4511
5437,59,24.0,24.0,32.0,4.5,31.2218,121.4411,31.2292,121.44
34156,59,18.0,18.0,28.0,4.0,31.219,121.4885,31.2168,121.4856
25621,59,53.0,62.0,31.0,4.4,31.259,121.4362,31.2619,121.4284
38455,59,53.0,62.0,33.0,4.2,31.259,121.4362,31.2656,121.4265
25080,59,11.0,31.0,37.0,4.9,31.217,121.4109,31.2319,121.4138
6665,59,24.0,25.0,26.0,3.3000000000000003,31.2235,121.4481,31.2226,121.4504
3007,59,0.0,0.0,27.0,3.8,31.2088,121.4077,31.2043,121.4078
3010,59,84.0,83.0,28.0,3.7,31.2886,121.4405,31.2857,121.4339
36055,59,11.0,23.0,47.0,5.6,31.211,121.4102,31.2248,121.4378
23962,59,68.0,78.0,29.0,3.9,31.2665,121.4813,31.2729,121.4811
9260,60,2.0,1.0,33.0,4.800000000000001,31.2041,121.425,31.204,121.41
2888,60,94.0,94.0,24.0,3.9,31.296,121.446,31.2992,121.4474
31052,60,11.0,40.0,44.0,5.2,31.2186,121.4139,31.2402,121.4013
15250,60,75.0,52.0,46.0,5.8,31.2719,121.4509,31.2558,121.4246
29203,60,45.0,34.0,32.0,4.5,31.2457,121.4558,31.2377,121.4444
790,60,12.0,1.0,37.0,5.0,31.2157,121.4284,31.207,121.4123
18,60,23.0,15.0,41.0,5.4,31.2289,121.4389,31.2179,121.4574
22971,60,24.0,14.0,26.0,4.3,31.2203,121.4462,31.2144,121.4425
37039,60,13.0,23.0,37.0,5.1,31.2104,121.4345,31.2276,121.4383
25921,60,6.0,7.0,32.0,4.7,31.2051,121.4607,31.2022,121.4734
30224,60,25.0,25.0,27.0,3.5,31.2257,121.4505,31.2254,121.4552
15072,60,35.0,46.0,26.0,4.3,31.2378,121.4568,31.2407,121.4617
22094,60,2.0,1.0,33.0,4.5,31.2009,121.4216,31.2012,121.411
21024,60,25.0,45.0,34.0,4.5,31.2283,121.4558,31.242,121.4557
18012,60,11.0,12.0,30.0,4.0,31.215,121.4193,31.2102,121.429
22352,60,22.0,22.0,27.0,3.5,31.2223,121.4209,31.2244,121.4247
2191,61,35.0,33.0,39.0,4.699999999999999,31.2302,121.453,31.2324,121.4324
13028,61,84.0,84.0,28.0,3.9,31.2816,121.4414,31.2893,121.4466
22050,61,44.0,13.0,50.0,6.0,31.2435,121.4452,31.2118,121.4324
455,61,10.0,20.0,36.0,4.2,31.2115,121.4025,31.2227,121.4066
21017,61,7.0,7.0,28.0,3.8,31.2097,121.4792,31.2075,121.4743
3397,61,77.0,78.0,32.0,4.6000000000000005,31.2709,121.4737,31.2775,121.4868
18214,61,11.0,32.0,46.0,5.3,31.2158,121.4142,31.238,121.4229
6214,61,90.0,90.0,30.0,4.0,31.296,121.401,31.2915,121.4
7236,61,62.0,52.0,30.0,4.0,31.264,121.4242,31.2574,121.4266
31902,61,15.0,26.0,39.0,5.0,31.2148,121.4546,31.2291,121.4651
17625,61,84.0,95.0,35.0,4.9,31.2846,121.4463,31.2919,121.4574
28105,62,75.0,31.0,74.0,8.5,31.2778,121.4518,31.2304,121.4199
20066,62,35.0,45.0,31.0,3.8,31.2361,121.4527,31.2428,121.4548
36344,62,35.0,14.0,47.0,5.9,31.2375,121.4595,31.2131,121.4421
10157,62,26.0,25.0,34.0,4.5,31.2259,121.4688,31.2249,121.457
8974,62,45.0,46.0,24.0,3.6,31.2431,121.4578,31.2406,121.4612
5914,62,24.0,34.0,35.0,4.7,31.2221,121.4402,31.2336,121.4458
18092,62,24.0,24.0,24.0,3.7,31.2233,121.4449,31.2216,121.4482
18440,62,25.0,44.0,43.0,5.4,31.222,121.4577,31.2404,121.4458
30649,62,11.0,22.0,34.0,4.5,31.2102,121.4198,31.2212,121.4276
5835,62,2.0,12.0,31.0,4.4,31.2041,121.425,31.2129,121.43
26332,62,11.0,0.0,38.0,4.9,31.2124,121.4159,31.2085,121.4007
5113,62,11.0,32.0,41.0,4.9,31.2188,121.4152,31.2354,121.4258
3265,62,75.0,50.0,66.0,7.7,31.2792,121.4556,31.2551,121.4096
19967,62,48.0,37.0,34.0,4.6000000000000005,31.2459,121.4837,31.2319,121.4795
13372,63,13.0,12.0,27.0,4.2,31.2138,121.4308,31.2176,121.426
440,63,16.0,15.0,30.0,4.2,31.2177,121.4611,31.2198,121.4527
38436,63,45.0,35.0,30.0,4.4,31.2428,121.4502,31.2365,121.4585
17904,63,27.0,27.0,24.0,3.6,31.222,121.4722,31.2231,121.4731
26717,63,15.0,24.0,33.0,4.4,31.2163,121.4588,31.2244,121.4494
2140,63,68.0,58.0,32.0,4.5,31.2623,121.4815,31.2508,121.4819
3117,63,15.0,14.0,30.0,4.5,31.2192,121.4517,31.2171,121.4423
19726,63,90.0,71.0,36.0,4.8,31.293,121.4038,31.2795,121.4154
33767,63,11.0,11.0,25.0,3.2,31.21,121.4144,31.2111,121.4125
10583,63,25.0,26.0,34.0,4.3,31.2283,121.4558,31.2251,121.4679
27166,63,85.0,84.0,28.0,3.4,31.2831,121.4517,31.2856,121.4482
5053,63,25.0,15.0,32.0,4.2,31.2283,121.4558,31.2198,121.4581
16268,63,77.0,76.0,32.0,4.4,31.2784,121.4785,31.2777,121.4693
9880,64,25.0,27.0,34.0,4.7,31.2253,121.4583,31.2247,121.4765
29835,64,27.0,38.0,30.0,4.5,31.2298,121.4761,31.2332,121.4851
35313,64,75.0,75.0,31.0,4.3,31.2797,121.4558,31.2724,121.4577
35513,64,77.0,66.0,38.0,5.199999999999999,31.2721,121.4799,31.2687,121.4616
15231,64,75.0,73.0,36.0,4.4,31.2785,121.4508,31.272,121.4376
26634,64,36.0,45.0,33.0,4.3,31.2364,121.469,31.241,121.4575
11702,64,16.0,26.0,34.0,4.1,31.212,121.4646,31.2222,121.4668
3704,64,22.0,33.0,36.0,4.3,31.2266,121.4273,31.2356,121.4359
5757,64,24.0,14.0,35.0,4.5,31.2244,121.4482,31.2121,121.4426
26508,64,22.0,35.0,44.0,5.9,31.2292,121.4243,31.2336,121.4507
30143,64,13.0,13.0,24.0,3.7,31.2164,121.4349,31.2154,121.4346
13800,64,36.0,45.0,38.0,4.800000000000001,31.2311,121.4614,31.2457,121.4555
14877,65,15.0,15.0,27.0,3.5,31.211,121.4567,31.2133,121.4534
21701,65,56.0,46.0,33.0,4.7,31.2513,121.4694,31.2416,121.4654
6519,65,42.0,32.0,27.0,3.8,31.2425,121.4247,31.2374,121.429
7346,65,27.0,38.0,36.0,4.800000000000001,31.2285,121.4757,31.2387,121.4887
10593,65,31.0,41.0,31.0,4.0,31.2314,121.4106,31.2414,121.4121
13890,65,22.0,23.0,35.0,4.4,31.2292,121.4243,31.2291,121.4388
28480,65,75.0,64.0,39.0,5.5,31.2737,121.4593,31.263,121.4422
19353,65,42.0,32.0,30.0,4.7,31.2425,121.4247,31.2316,121.4259
17055,65,31.0,40.0,32.0,4.1,31.236,121.4187,31.2423,121.4081
7677,65,24.0,25.0,36.0,4.2,31.221,121.4415,31.226,121.456
16141,65,77.0,77.0,26.0,3.9,31.2747,121.4778,31.2773,121.4747
3413,65,24.0,44.0,36.0,4.9,31.2258,121.4479,31.2429,121.443
29161,66,57.0,56.0,32.0,4.5,31.2553,121.4754,31.2556,121.4627
34815,66,75.0,63.0,45.0,5.800000000000001,31.2702,121.4591,31.2618,121.4305
33191,66,22.0,32.0,35.0,4.6000000000000005,31.2261,121.4274,31.2368,121.4229
27032,66,35.0,16.0,44.0,5.4,31.2397,121.4546,31.2158,121.4635
14940,66,24.0,25.0,31.0,3.8,31.2259,121.45,31.223,121.4591
24452,66,68.0,57.0,33.0,4.4,31.2623,121.4815,31.2568,121.4725
38008,66,11.0,11.0,22.0,3.3000000000000003,31.2158,121.4142,31.2156,121.4119
15599,66,6.0,6.0,25.0,3.5,31.2076,121.4654,31.2096,121.469
15641,66,75.0,75.0,30.0,4.0,31.2714,121.4541,31.2775,121.4537
28696,66,24.0,24.0,24.0,4.0,31.2214,121.4423,31.2235,121.4462
30862,66,75.0,64.0,34.0,4.3,31.2701,121.4523,31.2641,121.4408
33773,67,71.0,70.0,30.0,3.8,31.2785,121.418,31.278,121.4086
24845,67,45.0,45.0,26.0,3.8,31.2433,121.4554,31.2465,121.4587
2600,67,27.0,37.0,35.0,5.0,31.2245,121.4766,31.2398,121.4774
28186,67,25.0,5.0,46.0,5.800000000000001,31.2265,121.4529,31.2017,121.4587
22364,67,58.0,69.0,40.0,5.4,31.2503,121.4823,31.2692,121.4955
34152,67,15.0,15.0,30.0,3.9,31.2146,121.4536,31.2192,121.4584
76,67,21.0,12.0,26.0,4.1,31.2211,121.4191,31.2168,121.4246
6643,67,12.0,12.0,28.0,3.9,31.2117,121.4299,31.2113,121.4264
6733,67,83.0,84.0,29.0,3.9,31.2896,121.4385,31.284,121.4434
31576,67,24.0,25.0,30.0,4.1,31.2213,121.4438,31.2239,121.4515
19157,68,24.0,23.0,35.0,4.2,31.2259,121.45,31.2284,121.4355
26233,68,31.0,31.0,25.0,3.4000000000000004,31.2324,121.4117,31.2322,121.4133
32335,68,25.0,25.0,32.0,4.0,31.2218,121.4565,31.2284,121.4529
7959,68,35.0,44.0,31.0,4.4,31.24,121.4575,31.2434,121.4471
36300,68,75.0,53.0,45.0,5.5,31.2704,121.4521,31.2548,121.4306
37816,68,14.0,24.0,26.0,4.0,31.2153,121.4446,31.2205,121.4432
28775,68,17.0,18.0,31.0,4.1,31.2144,121.4709,31.2175,121.482
10658,68,11.0,21.0,33.0,4.4,31.213,121.4198,31.2239,121.4173
33445,69,74.0,42.0,49.0,5.8,31.2703,121.4411,31.2474,121.4227
33619,69,45.0,45.0,26.0,3.8,31.2474,121.4578,31.2467,121.4554
10260,69,75.0,63.0,43.0,5.7,31.2736,121.459,31.2627,121.4343
27238,69,56.0,66.0,37.0,5.0,31.2529,121.4646,31.268,121.4641
7684,69,27.0,17.0,34.0,4.2,31.2245,121.4766,31.213,121.4764
22262,69,11.0,41.0,50.0,6.0,31.2162,121.419,31.2444,121.4113
28825,69,18.0,9.0,38.0,5.0,31.2143,121.4802,31.2053,121.4965
20746,69,75.0,75.0,25.0,3.6,31.2702,121.4591,31.2734,121.4592
23080,69,75.0,73.0,41.0,5.4,31.2761,121.457,31.2765,121.4357
9193,70,24.0,24.0,25.0,4.1,31.2278,121.4445,31.2288,121.4407
19276,70,38.0,37.0,32.0,4.5,31.2381,121.4852,31.2363,121.4774
13551,70,24.0,23.0,32.0,4.0,31.2213,121.4438,31.2228,121.4347
5934,70,79.0,98.0,37.0,5.3,31.2765,121.5,31.2906,121.4878
26955,70,24.0,24.0,34.0,4.5,31.2296,121.4439,31.2219,121.4496
1058,70,22.0,33.0,34.0,4.4,31.2223,121.4209,31.2309,121.4335
36703,70,24.0,35.0,34.0,4.1,31.2297,121.4415,31.2333,121.4527
31602,70,79.0,98.0,42.0,5.3,31.2716,121.4942,31.2904,121.485
21835,70,75.0,53.0,44.0,5.4,31.2719,121.4509,31.2511,121.4348
6863,70,10.0,12.0,47.0,5.5,31.2112,121.4006,31.2185,121.4286
4324,71,56.0,55.0,32.0,4.2,31.2529,121.4646,31.2554,121.4561
24615,71,71.0,72.0,34.0,4.3,31.2796,121.4179,31.2705,121.4268
25464,71,56.0,45.0,39.0,4.9,31.2514,121.4666,31.2408,121.452
24298,71,75.0,50.0,62.0,7.0,31.2709,121.4555,31.2503,121.4095
16699,71,53.0,42.0,31.0,3.8,31.2514,121.4322,31.2439,121.4268
3688,71,71.0,82.0,31.0,4.7,31.2785,121.418,31.2869,121.4255
15932,71,54.0,45.0,35.0,4.9,31.2541,121.4465,31.2434,121.4533
16442,71,24.0,24.0,26.0,3.6,31.2296,121.4439,31.2281,121.4489
4765,71,12.0,1.0,32.0,4.9,31.2123,121.4268,31.2047,121.4157
15365,72,35.0,37.0,36.0,5.0,31.2375,121.4595,31.2311,121.4784
23772,72,22.0,24.0,33.0,4.4,31.2247,121.4285,31.2278,121.4431
8086,72,11.0,32.0,39.0,5.5,31.2158,121.4142,31.2323,121.4278
12502,72,77.0,77.0,25.0,3.7,31.276,121.4724,31.2744,121.4762
10144,72,58.0,68.0,35.0,4.800000000000001,31.2503,121.4823,31.2622,121.488
33754,72,11.0,32.0,48.0,6.200000000000001,31.2109,121.412,31.239,121.4227
12928,72,25.0,17.0,41.0,4.8,31.2265,121.4529,31.2154,121.4717
34191,72,75.0,76.0,34.0,4.7,31.2779,121.4523,31.2768,121.4634
26317,72,25.0,25.0,32.0,3.8,31.2255,121.4508,31.2289,121.4593
6235,72,16.0,6.0,33.0,4.7,31.2163,121.4699,31.2061,121.466
35226,73,11.0,0.0,33.0,4.2,31.21,121.4144,31.2033,121.4065
34137,73,44.0,41.0,47.0,6.1000000000000005,31.2467,121.4406,31.2411,121.4101
35785,73,67.0,66.0,33.0,4.800000000000001,31.262,121.475,31.2681,121.4636
1634,73,77.0,77.0,26.0,3.9,31.2724,121.4785,31.2715,121.4785
21700,73,46.0,45.0,37.0,4.800000000000001,31.2447,121.4684,31.2414,121.4527
14468,73,77.0,77.0,29.0,4.1,31.272,121.4726,31.2727,121.4798
1903,73,6.0,8.0,45.0,5.9,31.2051,121.4621,31.2081,121.4896
16847,73,77.0,58.0,49.0,6.3,31.2769,121.4718,31.2508,121.48
25450,73,6.0,15.0,30.0,4.1,31.2075,121.4653,31.2101,121.456
21844,74,75.0,41.0,68.0,8.200000000000001,31.2755,121.4578,31.243,121.41
20471,74,75.0,73.0,36.0,5.0,31.2767,121.45,31.2777,121.4341
21039,74,11.0,22.0,35.0,4.800000000000001,31.2171,121.414,31.2297,121.4241
21257,74,75.0,75.0,24.0,3.5,31.2781,121.4502,31.2788,121.4542
23151,74,79.0,66.0,46.0,5.8,31.2765,121.5,31.2656,121.4688
32041,74,95.0,95.0,25.0,3.5,31.2984,121.4545,31.2998,121.4561
11898,74,35.0,35.0,31.0,3.8,31.2317,121.4585,31.2375,121.4511
10317,74,79.0,66.0,56.0,6.7,31.2765,121.5,31.2639,121.4602
11671,74,96.0,96.0,26.0,3.8,31.2933,121.4639,31.2918,121.4675
35985,74,79.0,66.0,52.0,6.3,31.2765,121.5,31.2643,121.4655
23712,75,82.0,74.0,43.0,5.7,31.2883,121.4258,31.2743,121.4454
25904,75,11.0,11.0,30.0,3.9,31.2138,121.4194,31.2193,121.4116
1685,75,45.0,44.0,34.0,4.800000000000001,31.2495,121.4592,31.2499,121.4449
36546,75,82.0,74.0,39.0,4.699999999999999,31.2883,121.4258,31.2769,121.4413
16892,75,72.0,62.0,33.0,4.3,31.2737,121.427,31.2655,121.422
21052,75,11.0,22.0,29.0,4.3,31.2138,121.4194,31.2214,121.4212
10041,75,6.0,5.0,32.0,4.1,31.2059,121.4635,31.209,121.4529
8516,75,75.0,75.0,28.0,3.7,31.2704,121.4521,31.2741,121.4544
7635,76,75.0,63.0,40.0,5.6,31.2778,121.4518,31.2637,121.4317
27965,76,25.0,25.0,24.0,3.6,31.222,121.4577,31.2227,121.4531
37900,76,24.0,25.0,32.0,4.5,31.2262,121.4479,31.23,121.4576
37961,76,75.0,43.0,58.0,7.200000000000001,31.2788,121.4563,31.2425,121.4321
16935,76,75.0,64.0,39.0,4.8,31.2799,121.4537,31.2614,121.4485
18856,76,22.0,41.0,45.0,5.5,31.228,121.4253,31.2495,121.4147
31690,76,22.0,41.0,42.0,5.0,31.229,121.4257,31.2458,121.4102
25124,76,75.0,64.0,36.0,4.6,31.2779,121.4547,31.2624,121.4485
28273,77,45.0,43.0,39.0,4.8,31.2405,121.4541,31.2405,121.4342
7378,77,24.0,15.0,37.0,4.6000000000000005,31.225,121.4473,31.2117,121.4538
26380,77,24.0,14.0,40.0,4.8,31.2297,121.4415,31.213,121.4444
3743,77,45.0,45.0,25.0,3.7,31.2474,121.4578,31.2468,121.4559
6222,77,45.0,36.0,34.0,4.4,31.2474,121.4578,31.2333,121.4608
30943,77,57.0,56.0,25.0,3.3000000000000003,31.2581,121.4703,31.2599,121.4695
26612,77,16.0,15.0,31.0,3.8,31.2146,121.4618,31.2173,121.4545
28850,77,46.0,45.0,33.0,4.6000000000000005,31.2432,121.4674,31.2475,121.455
18596,78,25.0,24.0,27.0,4.0,31.2255,121.4508,31.222,121.4458
17462,78,75.0,74.0,32.0,4.2,31.2799,121.4574,31.2712,121.4485
33929,78,58.0,68.0,28.0,4.0,31.258,121.4878,31.2644,121.483
29956,78,53.0,43.0,39.0,4.699999999999999,31.259,121.4362,31.2427,121.4337
17466,78,75.0,75.0,30.0,4.4,31.2702,121.4591,31.2795,121.4563
27821,78,45.0,45.0,24.0,4.0,31.2474,121.4528,31.2454,121.4513
25008,79,35.0,24.0,39.0,5.0,31.2351,121.4544,31.2218,121.4417
3364,79,11.0,11.0,23.0,3.5,31.2158,121.4142,31.2163,121.4155
34939,79,31.0,42.0,38.0,5.199999999999999,31.2345,121.4116,31.241,121.4287
14005,79,36.0,34.0,44.0,5.3,31.2334,121.4664,31.2382,121.4404
2883,79,45.0,36.0,37.0,5.1,31.2475,121.4562,31.234,121.4684
26839,79,36.0,34.0,35.0,4.4,31.2311,121.4614,31.2354,121.4454
23761,80,56.0,56.0,24.0,3.2,31.2516,121.4647,31.2527,121.4666
30422,80,11.0,11.0,24.0,3.7,31.2155,121.4195,31.2155,121.4168
29958,80,43.0,43.0,28.0,3.7,31.2417,121.433,31.2445,121.4308
12868,80,12.0,11.0,35.0,4.7,31.2135,121.4231,31.2196,121.4112
10044,80,2.0,2.0,30.0,3.9,31.2009,121.4216,31.2042,121.4291
27842,80,84.0,84.0,23.0,3.9,31.2892,121.4427,31.2877,121.4428
10066,80,69.0,68.0,32.0,4.4,31.2616,121.4932,31.2674,121.4833
26330,80,11.0,13.0,42.0,5.0,31.211,121.4102,31.2173,121.4321
37205,80,25.0,24.0,29.0,3.9,31.22,121.4515,31.221,121.4446
21229,81,85.0,96.0,34.0,4.3,31.2814,121.4541,31.291,121.4632
19460,81,85.0,84.0,24.0,3.9,31.2814,121.4541,31.2829,121.4498
6502,81,2.0,2.0,23.0,3.2,31.2041,121.425,31.2046,121.427
32294,81,85.0,84.0,31.0,4.0,31.2831,121.4517,31.2827,121.4423
12233,81,24.0,13.0,35.0,4.3,31.2216,121.4493,31.2139,121.4395
23181,81,25.0,23.0,42.0,5.7,31.2254,121.4586,31.2231,121.4319
38311,82,11.0,2.0,30.0,4.2,31.2159,121.416,31.2068,121.4234
27723,82,6.0,18.0,43.0,5.3,31.2059,121.4635,31.2184,121.4836
32332,82,35.0,44.0,38.0,5.1000000000000005,31.2344,121.4596,31.2421,121.4447
30379,82,47.0,46.0,28.0,4.3,31.2475,121.4724,31.2472,121.465
18432,82,24.0,24.0,27.0,3.6,31.2275,121.4445,31.2295,121.4475
23894,82,35.0,44.0,31.0,3.9,31.2399,121.4559,31.2461,121.4493
19853,82,15.0,15.0,27.0,4.1,31.211,121.4567,31.211,121.4532
4253,82,11.0,1.0,34.0,4.5,31.2139,121.4137,31.2018,121.4142
6257,83,35.0,36.0,29.0,4.5,31.2334,121.4519,31.2352,121.4602
5448,83,74.0,84.0,42.0,5.3,31.2703,121.4411,31.2899,121.4493
25726,83,17.0,17.0,25.0,3.4,31.2193,121.4794,31.2171,121.4774
7384,83,24.0,23.0,38.0,4.9,31.2262,121.4493,31.2217,121.4336
6928,83,75.0,53.0,55.0,6.3,31.2799,121.4574,31.2527,121.4327
36972,83,15.0,16.0,36.0,4.9,31.2192,121.4517,31.2153,121.4674
32279,84,16.0,8.0,37.0,4.6,31.2163,121.4699,31.2067,121.487
30210,84,25.0,25.0,24.0,3.7,31.221,121.4568,31.2212,121.4576
4542,84,25.0,25.0,27.0,4.0,31.2257,121.4503,31.2261,121.4557
21305,84,44.0,43.0,28.0,4.3,31.2435,121.4452,31.2456,121.4359
10558,84,85.0,94.0,35.0,4.7,31.2831,121.4517,31.2954,121.4452
25652,84,11.0,0.0,33.0,4.6000000000000005,31.2158,121.4142,31.2056,121.4069
35931,85,75.0,41.0,66.0,7.7,31.2761,121.457,31.2443,121.419
37530,85,15.0,15.0,26.0,3.6,31.2134,121.4521,31.2178,121.4535
497,85,31.0,31.0,25.0,3.4,31.234,121.4145,31.2324,121.4112
8294,85,25.0,25.0,24.0,4.0,31.2261,121.4596,31.2259,121.4559
6627,85,18.0,17.0,35.0,4.9,31.2194,121.4891,31.2198,121.4723
35518,85,0.0,0.0,30.0,3.6,31.2055,121.4005,31.2032,121.4073
16695,85,84.0,74.0,39.0,5.3,31.2886,121.4405,31.2709,121.4474
4893,86,75.0,84.0,38.0,4.4,31.2737,121.4593,31.2848,121.4487
12837,86,47.0,48.0,36.0,4.9,31.2482,121.4705,31.245,121.4849
31495,86,27.0,26.0,32.0,4.7,31.225,121.4778,31.2207,121.4663
19015,86,33.0,33.0,28.0,4.2,31.2388,121.4312,31.2369,121.4381
12433,86,35.0,26.0,39.0,4.9,31.2383,121.459,31.2205,121.46
25671,86,47.0,48.0,28.0,4.4,31.2465,121.4783,31.2423,121.4869
30374,86,13.0,13.0,29.0,4.3,31.2164,121.4349,31.2197,121.4304
35387,86,75.0,76.0,33.0,4.5,31.2718,121.457,31.279,121.4645
36820,87,75.0,73.0,43.0,5.800000000000001,31.2782,121.4571,31.272,121.4315
29892,87,87.0,78.0,38.0,4.5,31.284,121.4715,31.278,121.4861
37337,87,95.0,97.0,40.0,5.0,31.2924,121.4511,31.2939,121.4729
22500,87,75.0,65.0,34.0,5.0,31.2799,121.4537,31.2645,121.4502
17703,87,24.0,34.0,36.0,4.5,31.2235,121.4481,31.2363,121.4432
22496,87,75.0,65.0,34.0,4.0,31.2788,121.4563,31.2697,121.4556
7933,87,75.0,64.0,31.0,4.5,31.2714,121.4541,31.2658,121.4476
11152,87,75.0,73.0,38.0,4.800000000000001,31.2761,121.4514,31.276,121.435
25420,87,75.0,74.0,33.0,4.1,31.2799,121.4537,31.2722,121.4455
11327,88,45.0,34.0,31.0,4.6,31.2428,121.4502,31.2329,121.4454
32075,88,75.0,86.0,34.0,4.3,31.2793,121.4593,31.289,121.4683
9259,88,58.0,59.0,33.0,4.6,31.2585,121.4861,31.2568,121.4988
37776,88,75.0,75.0,24.0,3.6,31.2778,121.4518,31.2785,121.4565
2900,88,24.0,13.0,36.0,4.6,31.2296,121.4403,31.2127,121.435
21626,88,90.0,92.0,39.0,5.3,31.2969,121.4022,31.2967,121.4231
9575,88,10.0,22.0,38.0,5.5,31.216,121.4086,31.2256,121.427
10644,88,75.0,85.0,28.0,3.8,31.2767,121.45,31.283,121.4521
10633,89,75.0,85.0,38.0,4.699999999999999,31.2713,121.4532,31.2883,121.4537
36358,89,57.0,65.0,38.0,5.3,31.2519,121.4721,31.2641,121.4561
6075,89,16.0,14.0,39.0,5.3,31.212,121.4646,31.2181,121.4448
624,89,25.0,25.0,28.0,3.9,31.2205,121.4529,31.2215,121.46
13439,89,24.0,24.0,29.0,3.6,31.2252,121.4493,31.2293,121.4433
11747,89,77.0,68.0,41.0,4.9,31.2778,121.4774,31.2609,121.4897
31983,89,15.0,13.0,38.0,4.6,31.2148,121.4546,31.2195,121.4369
13101,89,25.0,36.0,35.0,4.4,31.2293,121.4595,31.2389,121.468
3034,89,31.0,31.0,28.0,3.4,31.23,121.4159,31.2316,121.4118
31826,90,77.0,77.0,30.0,4.4,31.2707,121.4788,31.2743,121.4707
18409,90,27.0,27.0,29.0,4.1,31.224,121.4771,31.2272,121.4726
1714,90,12.0,24.0,43.0,5.1,31.2114,121.4256,31.2254,121.4444
32140,90,83.0,63.0,50.0,5.9,31.2896,121.4385,31.2625,121.4364
10955,90,0.0,10.0,35.0,4.7,31.2055,121.4005,31.2169,121.4
33051,90,24.0,35.0,33.0,4.6000000000000005,31.2296,121.4403,31.2325,121.4554
23789,90,0.0,10.0,26.0,4.2,31.2088,121.4077,31.2134,121.4045
26465,91,58.0,58.0,29.0,3.6,31.2571,121.4841,31.2508,121.4822
24475,91,75.0,66.0,34.0,5.1000000000000005,31.2755,121.4578,31.261,121.4632
11576,91,22.0,33.0,36.0,4.800000000000001,31.2292,121.4243,31.2344,121.4394
3530,91,38.0,29.0,34.0,4.800000000000001,31.2381,121.4852,31.2259,121.49
10612,91,66.0,65.0,32.0,4.4,31.2641,121.4606,31.2629,121.4524
11440,91,75.0,65.0,32.0,4.4,31.2782,121.4571,31.2682,121.4509
18506,92,36.0,37.0,30.0,4.4,31.238,121.4646,31.2346,121.4765
8515,92,75.0,86.0,28.0,3.9,31.2799,121.4582,31.2819,121.4647
35855,92,54.0,54.0,32.0,4.0,31.2597,121.4412,31.2529,121.4444
16355,92,25.0,15.0,34.0,4.2,31.2285,121.4504,31.2171,121.4539
30182,92,58.0,67.0,34.0,4.9,31.252,121.486,31.2628,121.474
31589,92,33.0,45.0,46.0,5.3,31.2388,121.4312,31.2404,121.4593
32264,92,61.0,63.0,43.0,5.6,31.265,121.4126,31.2646,121.437
4514,92,58.0,67.0,33.0,4.2,31.2504,121.4808,31.2608,121.4741
11441,93,75.0,65.0,28.0,3.4,31.2704,121.4515,31.2679,121.4514
32210,93,23.0,34.0,36.0,4.8,31.2282,121.4351,31.2385,121.4499
11076,93,17.0,18.0,32.0,4.3,31.2112,121.4712,31.2141,121.4829
24192,93,36.0,35.0,35.0,4.4,31.2364,121.469,31.2303,121.4543
37385,93,56.0,45.0,39.0,4.699999999999999,31.2543,121.464,31.2402,121.4529
4785,93,67.0,66.0,35.0,4.6000000000000005,31.2687,121.4721,31.2601,121.4626
33704,94,35.0,36.0,29.0,3.9,31.2399,121.4559,31.2396,121.4623
36440,94,14.0,13.0,31.0,4.2,31.2164,121.4483,31.2128,121.438
32872,94,12.0,12.0,32.0,4.3,31.2178,121.425,31.211,121.4203
17169,94,11.0,1.0,29.0,3.7,31.2139,121.4166,31.2097,121.4193
29783,94,75.0,52.0,48.0,6.000000000000001,31.2701,121.452,31.254,121.4223
28746,94,35.0,42.0,42.0,5.9,31.2351,121.4544,31.2412,121.4264
33485,94,45.0,45.0,32.0,4.0,31.2417,121.456,31.2486,121.4573
16937,94,75.0,63.0,36.0,4.5,31.2714,121.4541,31.2615,121.44
9464,95,34.0,44.0,31.0,4.1,31.238,121.4402,31.2412,121.4477
3667,95,58.0,38.0,46.0,5.9,31.2571,121.4841,31.2315,121.485
1781,95,63.0,63.0,26.0,3.8,31.2684,121.435,31.2673,121.4344
13801,95,45.0,56.0,33.0,4.5,31.2431,121.4578,31.2545,121.4661
21335,95,76.0,64.0,34.0,4.9,31.2732,121.4619,31.2698,121.4465
1458,95,53.0,54.0,34.0,4.5,31.2502,121.4368,31.258,121.4458
33321,95,24.0,24.0,24.0,3.4,31.2204,121.4481,31.2206,121.4429
12255,95,17.0,7.0,32.0,4.3,31.2144,121.4709,31.2038,121.4702
34207,96,51.0,61.0,30.0,4.2,31.2582,121.4187,31.264,121.4137
25559,96,75.0,76.0,29.0,3.8,31.2723,121.4598,31.2755,121.4691
18090,96,31.0,31.0,26.0,3.3000000000000003,31.2359,121.4171,31.2369,121.4178
16776,96,44.0,43.0,38.0,4.9,31.2448,121.4493,31.2424,121.4305
11746,96,67.0,67.0,22.0,3.9,31.2624,121.4722,31.2636,121.4738
9939,96,33.0,14.0,43.0,5.2,31.2312,121.4394,31.2109,121.442
25555,96,75.0,86.0,41.0,5.5,31.2719,121.4509,31.2878,121.4664
31053,97,58.0,48.0,35.0,4.6000000000000005,31.2561,121.4855,31.2435,121.4838
16860,97,0.0,11.0,33.0,4.5,31.2038,121.4068,31.213,121.4151
18139,97,6.0,16.0,29.0,3.8,31.2059,121.4635,31.2119,121.4612
29939,97,15.0,4.0,36.0,4.9,31.2163,121.4588,31.2054,121.4436
14217,97,44.0,33.0,32.0,4.4,31.2437,121.4403,31.2366,121.4341
6258,97,35.0,24.0,40.0,5.0,31.2325,121.4592,31.2224,121.4434
519,97,77.0,78.0,32.0,4.5,31.276,121.4724,31.2731,121.4817
34279,98,11.0,1.0,24.0,3.8,31.21,121.4144,31.2068,121.417
15822,98,84.0,84.0,29.0,4.2,31.2864,121.4494,31.2854,121.442
28395,98,12.0,2.0,36.0,5.0,31.2178,121.425,31.2019,121.4252
251,98,69.0,69.0,32.0,4.4,31.2606,121.4982,31.2687,121.4936
22522,98,25.0,25.0,27.0,4.2,31.2255,121.4508,31.2294,121.4567
3841,99,44.0,43.0,30.0,4.1,31.2467,121.4406,31.2415,121.4342
28083,99,75.0,52.0,54.0,6.6000000000000005,31.2761,121.457,31.2591,121.4227
1524,99,24.0,27.0,44.0,5.800000000000001,31.2252,121.4493,31.2288,121.4781
2417,99,75.0,52.0,50.0,6.500000000000001,31.2754,121.4501,31.2543,121.4252
22567,99,75.0,65.0,35.0,4.3,31.275,121.4573,31.2636,121.4577
37865,99,58.0,57.0,35.0,4.5,31.2513,121.4844,31.2568,121.4722
14143,99,25.0,24.0,28.0,3.9,31.226,121.4521,31.2209,121.444
1877,99,31.0,31.0,27.0,4.1,31.23,121.4159,31.2314,121.4114
24098,99,12.0,11.0,35.0,4.4,31.2102,121.4286,31.2116,121.4123
22539,100,87.0,78.0,35.0,5.1000000000000005,31.284,121.4715,31.274,121.4838
13703,100,83.0,84.0,31.0,4.1,31.2896,121.4385,31.2806,121.4411
8558,100,62.0,61.0,33.0,4.7,31.264,121.4242,31.2652,121.4134
30007,100,6.0,6.0,27.0,3.6,31.2025,121.4695,31.2086,121.4698
38279,100,61.0,61.0,26.0,4.0,31.265,121.4126,31.2669,121.4147
22174,100,75.0,53.0,47.0,6.199999999999999,31.2781,121.4502,31.2535,121.4367
9305,100,35.0,35.0,30.0,4.1,31.2309,121.459,31.234,121.4523
22167,100,75.0,54.0,41.0,5.0,31.2723,121.4598,31.2562,121.4477
20096,101,75.0,74.0,35.0,4.9,31.2709,121.4555,31.2708,121.4405
11339,101,11.0,11.0,27.0,4.0,31.2135,121.4125,31.214,121.4199
4472,101,15.0,24.0,40.0,5.3,31.2108,121.454,31.2268,121.4477
4908,101,75.0,64.0,39.0,5.1,31.2788,121.4563,31.263,121.447
32930,101,75.0,74.0,35.0,4.800000000000001,31.2755,121.4578,31.2723,121.4437
32929,101,75.0,85.0,29.0,4.3,31.2751,121.4579,31.2838,121.4576
22972,101,24.0,24.0,32.0,4.3,31.2278,121.4445,31.2204,121.4423
24173,101,11.0,11.0,27.0,4.0,31.2186,121.4139,31.2124,121.4118
32922,101,33.0,42.0,31.0,3.8,31.2395,121.4306,31.2455,121.4238
3849,101,45.0,45.0,32.0,4.2,31.2495,121.4592,31.2423,121.4501
21778,101,11.0,22.0,38.0,4.4,31.2141,121.4105,31.2202,121.4262
18718,102,6.0,6.0,28.0,3.9,31.2079,121.4604,31.2014,121.46
12423,102,77.0,67.0,32.0,4.9,31.2769,121.4718,31.2649,121.4787
20485,102,24.0,33.0,35.0,4.800000000000001,31.2221,121.4402,31.2365,121.4393
25276,102,11.0,11.0,28.0,3.9,31.2154,121.4175,31.2124,121.4147
15778,102,12.0,21.0,38.0,5.1,31.2135,121.4231,31.2294,121.4167
16548,102,75.0,52.0,54.0,6.7,31.2734,121.4563,31.2507,121.4295
29381,102,75.0,53.0,48.0,6.199999999999999,31.2718,121.457,31.2519,121.4355
2383,102,75.0,63.0,40.0,5.0,31.2761,121.4514,31.2613,121.4392
27681,103,24.0,24.0,34.0,4.5,31.2214,121.4403,31.2298,121.446
11522,103,62.0,41.0,39.0,4.9,31.2673,121.4237,31.2483,121.4186
28477,103,75.0,64.0,36.0,4.7,31.2713,121.4523,31.2605,121.4481
11058,103,25.0,35.0,32.0,4.3,31.2261,121.4596,31.2351,121.4517
26620,103,2.0,13.0,38.0,5.0,31.205,121.4216,31.218,121.4301
2012,103,24.0,24.0,26.0,3.4,31.2262,121.4419,31.223,121.4439
38031,103,11.0,21.0,36.0,5.3,31.2135,121.4125,31.2285,121.419
34348,103,49.0,49.0,26.0,3.5,31.244,121.4954,31.2464,121.4969
10610,103,61.0,70.0,38.0,5.1,31.2619,121.418,31.2748,121.4074
1554,103,44.0,42.0,36.0,4.5,31.2415,121.4448,31.2416,121.4296
13962,104,75.0,55.0,45.0,5.5,31.2772,121.453,31.2541,121.45
31997,104,96.0,96.0,28.0,4.0,31.2933,121.4639,31.2935,121.4685
28613,104,12.0,11.0,31.0,4.0,31.2114,121.4256,31.2157,121.4188
3181,104,46.0,46.0,28.0,4.0,31.2447,121.4684,31.2417,121.4623
1126,104,75.0,54.0,42.0,5.7,31.2718,121.457,31.2518,121.4442
16054,104,57.0,56.0,33.0,4.0,31.2515,121.4771,31.2554,121.4657
9079,104,75.0,42.0,58.0,7.0,31.2702,121.4591,31.2429,121.4256
32031,104,45.0,25.0,42.0,5.2,31.2431,121.4578,31.2221,121.4526
37788,104,75.0,73.0,44.0,5.3,31.273,121.4573,31.2796,121.4309
10763,104,6.0,5.0,36.0,4.7,31.2058,121.4657,31.2096,121.4531
33015,104,56.0,45.0,36.0,5.0,31.2513,121.4694,31.2449,121.4517
23598,104,6.0,5.0,36.0,4.7,31.2025,121.4695,31.208,121.4563
26787,104,75.0,44.0,58.0,6.7,31.2787,121.4552,31.2433,121.4422
12589,105,68.0,69.0,38.0,4.7,31.2665,121.4813,31.2683,121.4986
20474,105,11.0,0.0,33.0,4.1,31.21,121.4144,31.201,121.4081
6331,105,96.0,85.0,32.0,4.3,31.2933,121.4639,31.2835,121.4544
6047,105,36.0,47.0,31.0,4.3,31.2334,121.4664,31.2425,121.4728
7707,105,75.0,76.0,30.0,3.9,31.2723,121.4598,31.2781,121.4627
34185,105,75.0,74.0,36.0,4.6000000000000005,31.2797,121.4558,31.2767,121.4403
17422,105,56.0,55.0,35.0,4.2,31.2501,121.4679,31.2572,121.4566
28859,105,32.0,33.0,37.0,4.4,31.2337,121.4227,31.2375,121.4383
19880,105,6.0,16.0,38.0,4.6,31.2023,121.4625,31.2199,121.4642
27226,105,11.0,11.0,24.0,3.9,31.2124,121.4159,31.2137,121.4129
34548,106,24.0,24.0,25.0,3.8,31.2233,121.4449,31.2208,121.4457
10129,106,24.0,24.0,23.0,3.8,31.2211,121.4432,31.2205,121.4437
32581,106,27.0,6.0,50.0,6.3,31.2298,121.4761,31.2043,121.4638
36675,106,45.0,26.0,41.0,5.0,31.2417,121.456,31.2202,121.462
3141,106,68.0,66.0,36.0,5.3,31.2668,121.489,31.2632,121.4693
17633,106,38.0,29.0,34.0,4.7,31.2358,121.4878,31.2221,121.4937
10930,106,48.0,48.0,29.0,4.1,31.2465,121.4877,31.2411,121.4883
32463,106,77.0,58.0,49.0,6.199999999999999,31.2787,121.4727,31.2554,121.4892
32840,106,88.0,88.0,27.0,4.2,31.2808,121.4868,31.2851,121.4886
36511,106,11.0,11.0,29.0,3.8,31.2135,121.4125,31.2162,121.4182
310,106,35.0,34.0,32.0,4.7,31.2302,121.453,31.2389,121.4434
28855,107,17.0,8.0,30.0,4.7,31.2124,121.4773,31.2036,121.4803
7246,107,26.0,34.0,40.0,5.4,31.2248,121.4674,31.2347,121.4487
9491,107,24.0,24.0,24.0,3.7,31.221,121.4415,31.2251,121.4435
35486,107,53.0,44.0,38.0,5.3,31.259,121.4362,31.2412,121.4459
6738,107,1.0,0.0,32.0,4.800000000000001,31.209,121.4158,31.2013,121.4057
11991,107,45.0,33.0,41.0,5.0,31.2474,121.4578,31.2341,121.4367
21447,107,11.0,2.0,38.0,4.6,31.2187,121.4147,31.2033,121.4242
28804,107,57.0,87.0,52.0,6.800000000000001,31.2512,121.4754,31.2861,121.4714
10016,107,35.0,26.0,28.0,3.8,31.2344,121.4596,31.2287,121.4674
6030,107,17.0,16.0,30.0,4.6,31.2112,121.4712,31.2164,121.4609
23936,107,24.0,22.0,36.0,4.4,31.2276,121.4402,31.2254,121.4234
14177,107,18.0,8.0,29.0,4.2,31.2111,121.48,31.2085,121.4846
8748,108,75.0,85.0,34.0,4.7,31.2704,121.4521,31.2806,121.4543
35893,108,35.0,26.0,36.0,4.800000000000001,31.2323,121.4515,31.2286,121.4686
15049,108,57.0,46.0,35.0,4.800000000000001,31.2512,121.4754,31.2461,121.4618
24170,108,21.0,13.0,39.0,4.8,31.2209,121.4134,31.2124,121.4338
27883,108,57.0,46.0,34.0,4.3,31.2555,121.4761,31.2482,121.4633
4957,108,12.0,12.0,26.0,3.8,31.2178,121.425,31.2165,121.4247
23671,108,89.0,78.0,40.0,5.199999999999999,31.2883,121.499,31.2751,121.4864
27191,108,25.0,14.0,29.0,4.3,31.221,121.4568,31.2189,121.4484
34476,108,44.0,44.0,32.0,4.0,31.2441,121.4404,31.2497,121.445
7744,108,35.0,25.0,28.0,4.2,31.2335,121.4565,31.226,121.4584
35353,108,39.0,49.0,33.0,4.7,31.2389,121.4975,31.2485,121.493
24041,109,75.0,43.0,56.0,6.4,31.2737,121.4593,31.2424,121.4392
22301,109,36.0,25.0,28.0,4.1,31.2302,121.4612,31.2284,121.4549
13271,109,25.0,26.0,32.0,4.1,31.2293,121.4595,31.2237,121.4687
23266,109,24.0,15.0,38.0,4.5,31.2214,121.4437,31.2173,121.4592
36359,109,57.0,36.0,37.0,5.3,31.2515,121.4771,31.236,121.4677
6238,109,36.0,36.0,27.0,4.3,31.238,121.4646,31.2361,121.4695
7038,109,18.0,18.0,29.0,3.8,31.2129,121.4862,31.2175,121.4895
2156,109,32.0,44.0,39.0,5.3,31.2397,121.4253,31.2429,121.4439
1392,109,31.0,41.0,38.0,5.1000000000000005,31.236,121.4163,31.2492,121.4104
24007,109,25.0,34.0,39.0,5.1,31.2293,121.4595,31.235,121.4415
9423,110,26.0,16.0,36.0,4.4,31.2259,121.4688,31.2136,121.468
28919,110,75.0,76.0,28.0,3.8,31.2798,121.4554,31.2748,121.4619
7311,110,25.0,33.0,37.0,4.9,31.2296,121.4546,31.2344,121.4373
15854,110,25.0,34.0,34.0,4.9,31.2294,121.4534,31.2369,121.4421
30851,110,21.0,20.0,30.0,4.5,31.2211,121.4191,31.2229,121.4099
33084,110,45.0,67.0,46.0,5.2,31.2427,121.4573,31.2607,121.4744
10516,110,84.0,93.0,31.0,4.4,31.2892,121.4427,31.29,121.4335
5234,110,11.0,22.0,36.0,5.0,31.2109,121.412,31.2263,121.4222
6650,110,11.0,10.0,33.0,4.5,31.21,121.4144,31.2133,121.4022
9948,110,77.0,68.0,38.0,5.0,31.2787,121.4727,31.2603,121.4814
14839,110,68.0,57.0,40.0,4.8,31.2626,121.4855,31.2503,121.4734
5703,111,35.0,33.0,37.0,5.0,31.2378,121.4568,31.2398,121.4368
31941,111,77.0,88.0,34.0,4.4,31.2763,121.4703,31.2882,121.4813
12308,111,75.0,65.0,34.0,4.5,31.272,121.4514,31.2611,121.4514
6273,111,77.0,88.0,29.0,3.8,31.2779,121.4787,31.2841,121.4851
26122,111,0.0,0.0,34.0,4.5,31.2093,121.4064,31.2004,121.4089
19342,111,0.0,0.0,28.0,3.5,31.2038,121.4068,31.2004,121.4095
3939,111,6.0,17.0,35.0,4.4,31.2075,121.4653,31.2173,121.4776
12410,111,32.0,33.0,30.0,4.6,31.2397,121.4253,31.2309,121.4315
10298,111,7.0,5.0,40.0,5.0,31.202,121.48,31.207,121.458
27279,111,31.0,30.0,30.0,3.8,31.2323,121.4107,31.2396,121.4061
28297,111,31.0,41.0,35.0,4.4,31.234,121.4145,31.2454,121.4141
22216,111,75.0,65.0,35.0,4.6000000000000005,31.2716,121.4597,31.2604,121.4521
25135,111,75.0,65.0,26.0,3.9,31.2719,121.4509,31.2688,121.4578
27739,111,26.0,15.0,42.0,5.0,31.2294,121.4693,31.212,121.4572
16886,111,35.0,35.0,26.0,4.1,31.2361,121.4527,31.2325,121.4566
34347,112,43.0,34.0,32.0,4.2,31.2427,121.4365,31.2371,121.443
12857,112,56.0,55.0,36.0,4.6000000000000005,31.2507,121.4667,31.2592,121.4518
25103,112,84.0,84.0,29.0,4.4,31.2864,121.4494,31.29,121.4414
4948,112,44.0,34.0,33.0,4.3,31.2435,121.4452,31.2315,121.4426
30733,112,68.0,78.0,34.0,4.6,31.2656,121.4871,31.2752,121.4826
4528,112,27.0,6.0,38.0,5.1,31.224,121.4771,31.2095,121.4688
11843,112,62.0,53.0,35.0,5.0,31.264,121.4242,31.2528,121.4352
18972,112,16.0,15.0,31.0,4.1,31.2146,121.4618,31.2159,121.4538
34901,112,84.0,85.0,35.0,4.9,31.2846,121.4463,31.2878,121.4597
38278,112,58.0,38.0,42.0,5.0,31.2545,121.4855,31.2363,121.4888
16660,112,15.0,15.0,26.0,3.5,31.2132,121.4588,31.2166,121.4599
12269,112,84.0,84.0,24.0,4.1,31.282,121.4407,31.2823,121.4442
4461,113,15.0,15.0,26.0,4.3,31.2192,121.4517,31.2187,121.4592
1648,113,11.0,2.0,32.0,4.6000000000000005,31.2138,121.4194,31.202,121.4215
35517,113,77.0,76.0,30.0,4.3,31.2716,121.4736,31.2727,121.467
29476,113,22.0,23.0,33.0,4.1,31.2267,121.4236,31.2255,121.4362
37468,113,0.0,20.0,43.0,5.4,31.2004,121.403,31.2203,121.4083
16723,113,34.0,45.0,41.0,4.9,31.238,121.4402,31.2498,121.4577
32707,113,18.0,17.0,33.0,4.2,31.2153,121.4892,31.2139,121.4786
15197,113,31.0,31.0,30.0,4.0,31.2392,121.4189,31.2315,121.4161
36497,113,71.0,70.0,26.0,4.1,31.279,121.4146,31.2793,121.4073
35512,113,77.0,85.0,43.0,5.2,31.2779,121.4787,31.2827,121.4545
6467,113,35.0,5.0,47.0,6.199999999999999,31.2325,121.4592,31.2049,121.4515
19220,114,12.0,10.0,44.0,5.0,31.2123,121.4268,31.2126,121.4024
29357,114,71.0,61.0,38.0,4.800000000000001,31.2786,121.4165,31.2636,121.4119
22293,114,25.0,26.0,31.0,4.0,31.2218,121.4565,31.2281,121.4607
9703,114,88.0,88.0,30.0,4.0,31.2842,121.4866,31.2891,121.4808
6880,114,7.0,7.0,29.0,4.2,31.2025,121.4797,31.2088,121.4748
35925,114,75.0,86.0,38.0,5.3,31.2747,121.4527,31.2832,121.4688
6055,114,76.0,75.0,32.0,4.5,31.2759,121.4696,31.273,121.4546
4442,114,75.0,86.0,41.0,5.7,31.2754,121.4501,31.2889,121.4695
9681,114,43.0,43.0,29.0,4.0,31.2482,121.4385,31.2415,121.4316
31281,114,28.0,38.0,31.0,4.2,31.226,121.4812,31.234,121.4811
8831,114,75.0,85.0,38.0,5.0,31.2761,121.4514,31.2898,121.4598
6386,114,12.0,10.0,41.0,5.2,31.2157,121.4284,31.2101,121.4037
24980,114,24.0,22.0,32.0,4.0,31.221,121.4415,31.2239,121.43
20788,114,45.0,56.0,37.0,4.7,31.2475,121.4562,31.2582,121.4677
21665,114,75.0,85.0,36.0,5.1000000000000005,31.2761,121.4514,31.2896,121.4519
27013,115,24.0,14.0,28.0,4.0,31.2211,121.4432,31.217,121.4443
19744,115,62.0,71.0,30.0,4.1,31.2673,121.4237,31.2755,121.4184
35106,115,32.0,22.0,30.0,4.1,31.2337,121.4227,31.2256,121.4265
7271,115,75.0,64.0,27.0,3.8,31.2743,121.4511,31.2678,121.4493
18466,115,8.0,8.0,25.0,3.8,31.2076,121.4825,31.2052,121.4809
12517,115,38.0,38.0,23.0,3.6,31.2358,121.4878,31.2344,121.4886
15740,115,79.0,79.0,25.0,3.7,31.2765,121.5,31.2779,121.4957
19128,115,25.0,26.0,32.0,4.5,31.2253,121.4583,31.2204,121.4675
31300,115,8.0,8.0,26.0,4.1,31.2063,121.4817,31.2093,121.4813
9013,115,75.0,42.0,49.0,6.200000000000001,31.2713,121.4523,31.2478,121.4298
24464,115,88.0,87.0,38.0,4.5,31.2808,121.4868,31.2896,121.473
9022,115,75.0,52.0,53.0,6.9,31.2799,121.4537,31.2568,121.4238
4001,115,35.0,36.0,25.0,4.0,31.2309,121.459,31.2307,121.4625
35298,115,36.0,57.0,53.0,6.0,31.2302,121.4612,31.2586,121.4798
16521,115,71.0,71.0,26.0,4.0,31.2729,121.4109,31.2741,121.4171
10625,116,58.0,78.0,48.0,6.0,31.251,121.4848,31.2792,121.4886
21337,116,18.0,8.0,35.0,4.800000000000001,31.2173,121.4813,31.2028,121.4875
30346,116,24.0,13.0,37.0,4.4,31.2204,121.4481,31.2108,121.4369
13998,116,34.0,43.0,30.0,4.2,31.2398,121.4443,31.2419,121.4322
1829,116,54.0,64.0,32.0,4.2,31.2597,121.4412,31.2663,121.4498
15206,116,64.0,86.0,45.0,5.3,31.267,121.447,31.2883,121.4609
20931,116,11.0,22.0,33.0,4.2,31.2188,121.4152,31.2283,121.4231
8542,116,11.0,11.0,29.0,3.7,31.2152,121.4171,31.2106,121.4193
8540,116,11.0,20.0,36.0,4.9,31.215,121.4193,31.2235,121.4076
4125,116,45.0,24.0,42.0,4.9,31.2474,121.4528,31.2283,121.4495
23238,116,15.0,15.0,25.0,3.8,31.2192,121.4517,31.2194,121.4528
28318,116,15.0,16.0,31.0,4.2,31.2155,121.4508,31.2196,121.4609
12500,116,77.0,58.0,37.0,5.0,31.2724,121.4785,31.2584,121.4845
23506,116,25.0,15.0,31.0,4.2,31.2257,121.4503,31.2185,121.4506
10493,116,77.0,77.0,28.0,4.1,31.2784,121.4785,31.2712,121.4752
14413,116,7.0,5.0,42.0,5.3,31.2097,121.4792,31.21,121.4568
31177,117,6.0,7.0,28.0,4.3,31.2063,121.4679,31.2004,121.4708
15334,117,35.0,47.0,44.0,5.2,31.2308,121.4559,31.2465,121.4772
18205,117,0.0,10.0,26.0,4.1,31.2078,121.4007,31.2109,121.4028
8173,117,57.0,58.0,34.0,4.5,31.2515,121.4771,31.2594,121.4867
18343,117,6.0,7.0,28.0,3.7,31.2025,121.4695,31.2062,121.4754
36213,117,18.0,17.0,34.0,4.3,31.219,121.4885,31.2117,121.4778
9877,117,34.0,24.0,32.0,4.6000000000000005,31.238,121.4402,31.2291,121.4491
15164,117,17.0,38.0,48.0,5.4,31.2116,121.4789,31.236,121.4871
23379,117,18.0,17.0,31.0,4.1,31.216,121.4829,31.2113,121.4733
31060,117,25.0,24.0,33.0,4.3,31.2245,121.4593,31.2258,121.4487
4342,117,7.0,7.0,26.0,3.7,31.2084,121.474,31.2043,121.4766
20171,117,25.0,16.0,35.0,4.800000000000001,31.2293,121.4595,31.2171,121.4647
35124,117,26.0,26.0,30.0,4.3,31.2236,121.4662,31.2204,121.4623
6217,117,15.0,4.0,37.0,4.5,31.211,121.4567,31.2012,121.4439
34057,117,14.0,14.0,26.0,3.8,31.2153,121.4446,31.2173,121.4487
1822,118,17.0,17.0,28.0,3.7,31.2172,121.4782,31.2183,121.4713
13364,118,6.0,6.0,25.0,3.9,31.204,121.4664,31.2079,121.4686
11044,118,79.0,79.0,30.0,4.4,31.2765,121.5,31.2724,121.4931
10502,118,31.0,21.0,22.0,3.7,31.2303,121.4121,31.2294,121.4122
25896,118,11.0,12.0,27.0,3.9,31.2154,121.4175,31.2176,121.4241
28162,118,35.0,46.0,32.0,4.4,31.2397,121.4546,31.2439,121.4685
8487,118,18.0,17.0,31.0,4.5,31.2111,121.48,31.2145,121.4719
31561,118,22.0,33.0,34.0,4.2,31.2267,121.4236,31.2331,121.432
11171,118,24.0,23.0,30.0,4.5,31.2262,121.4419,31.2208,121.4357
36162,118,77.0,77.0,24.0,3.7,31.272,121.4726,31.2713,121.4734
22671,118,22.0,31.0,33.0,4.3,31.2261,121.4274,31.2318,121.4174
8040,118,11.0,21.0,34.0,4.3,31.2146,121.4112,31.2265,121.4148
13171,118,58.0,47.0,38.0,5.3,31.2585,121.4861,31.243,121.4771
37661,118,45.0,55.0,36.0,4.6000000000000005,31.2435,121.4538,31.2586,121.456
13061,118,21.0,11.0,31.0,4.3,31.2209,121.4134,31.2122,121.4181
25985,119,16.0,15.0,30.0,4.5,31.212,121.4646,31.2191,121.4567
29035,119,11.0,21.0,34.0,4.6,31.2102,121.4198,31.2211,121.4183
29782,119,75.0,51.0,63.0,7.800000000000001,31.2798,121.4554,31.2539,121.4108
14872,119,43.0,33.0,27.0,4.2,31.2427,121.4365,31.2363,121.438
26197,119,6.0,6.0,30.0,3.7,31.2059,121.4635,31.2025,121.4682
5801,119,75.0,55.0,39.0,5.1,31.2723,121.4598,31.2543,121.4552
29940,119,25.0,17.0,42.0,5.2,31.2261,121.4596,31.2187,121.4791
32344,119,6.0,7.0,31.0,4.0,31.204,121.4664,31.2044,121.4788
31973,119,44.0,36.0,45.0,5.800000000000001,31.2415,121.4448,31.2309,121.4685
32756,119,25.0,35.0,37.0,5.1000000000000005,31.2257,121.4503,31.2388,121.4562
11315,119,24.0,33.0,30.0,4.1,31.2218,121.4411,31.2315,121.4374
19722,119,13.0,23.0,37.0,5.1000000000000005,31.2112,121.4321,31.2235,121.4389
29064,119,77.0,68.0,43.0,5.2,31.2787,121.4727,31.2611,121.4874
29917,119,11.0,11.0,28.0,4.2,31.2139,121.4137,31.2188,121.4134
1185,119,24.0,25.0,33.0,4.0,31.2203,121.4462,31.2295,121.4515
8532,119,75.0,65.0,33.0,4.0,31.2755,121.4578,31.267,121.4541
4967,120,66.0,67.0,37.0,5.1000000000000005,31.2641,121.4606,31.2697,121.4777
22717,120,71.0,81.0,31.0,4.3,31.2747,121.4126,31.2845,121.4141
133,120,77.0,65.0,48.0,5.5,31.2784,121.4785,31.2602,121.4584
36018,120,27.0,28.0,31.0,4.5,31.225,121.4778,31.2204,121.4869
6597,120,61.0,60.0,28.0,3.7,31.2651,121.4146,31.2678,121.4095
13619,120,24.0,24.0,30.0,3.8,31.2296,121.4403,31.222,121.4441
15559,120,11.0,31.0,43.0,5.1,31.2104,121.4115,31.2316,121.419
10228,120,11.0,20.0,40.0,5.199999999999999,31.2104,121.4115,31.2276,121.4086
22745,120,38.0,37.0,34.0,4.6,31.2358,121.4878,31.2353,121.4755
14016,120,24.0,24.0,26.0,4.3,31.2203,121.4462,31.2263,121.4477
10305,120,31.0,31.0,29.0,3.9,31.2303,121.4199,31.2309,121.4136
14377,120,22.0,33.0,32.0,4.1,31.2266,121.4273,31.2318,121.4361
4277,120,11.0,12.0,38.0,4.800000000000001,31.217,121.4109,31.2136,121.4267
36751,121,98.0,97.0,29.0,3.8,31.2985,121.4828,31.298,121.4738
10950,121,71.0,72.0,38.0,5.3,31.2721,121.412,31.2775,121.4296
4760,121,22.0,32.0,29.0,4.5,31.229,121.4257,31.2357,121.4276
7462,121,13.0,4.0,31.0,4.5,31.2104,121.4345,31.2048,121.4422
22543,121,94.0,94.0,29.0,4.1,31.2977,121.4402,31.2984,121.4458
23923,121,24.0,25.0,38.0,4.8,31.2276,121.4402,31.2289,121.459
25954,121,84.0,96.0,48.0,5.6000000000000005,31.282,121.4407,31.299,121.462
18211,121,28.0,17.0,35.0,4.4,31.226,121.4812,31.2152,121.4726
32757,121,35.0,24.0,32.0,4.7,31.2383,121.4529,31.2292,121.4498
19351,121,43.0,43.0,27.0,3.9,31.2427,121.4365,31.2458,121.4302
33130,121,13.0,4.0,37.0,4.4,31.216,121.4381,31.2021,121.4467
38286,121,6.0,17.0,32.0,4.0,31.2075,121.4653,31.2171,121.4703
23530,121,26.0,45.0,37.0,5.1,31.2294,121.4693,31.2408,121.4558
33836,121,71.0,61.0,31.0,4.1,31.2761,121.4138,31.269,121.4186
17329,121,71.0,70.0,26.0,3.7,31.2747,121.4126,31.2775,121.4056
11063,122,26.0,36.0,31.0,4.0,31.2259,121.4688,31.2336,121.4667
16542,122,76.0,75.0,29.0,3.8,31.2733,121.4612,31.2765,121.4517
35212,122,68.0,57.0,32.0,4.3,31.2623,121.4815,31.2527,121.4726
16608,122,77.0,69.0,47.0,5.5,31.276,121.4724,31.2657,121.4992
3774,122,77.0,69.0,37.0,4.8,31.2784,121.4785,31.265,121.492
36910,122,24.0,24.0,25.0,3.9,31.2252,121.4493,31.2231,121.4491
31754,122,58.0,68.0,38.0,5.0,31.2504,121.4808,31.2642,121.4876
29442,122,77.0,69.0,38.0,5.2,31.2724,121.4785,31.2656,121.4984
37147,122,75.0,75.0,28.0,4.3,31.2761,121.457,31.2792,121.452
18367,122,53.0,54.0,34.0,4.4,31.2502,121.4368,31.2565,121.4492
1027,122,55.0,45.0,32.0,4.6000000000000005,31.2527,121.4599,31.2417,121.452
33011,122,27.0,27.0,25.0,3.6,31.2245,121.4766,31.2205,121.4789
18539,122,35.0,34.0,36.0,4.7,31.2335,121.4565,31.236,121.4421
6586,122,71.0,63.0,38.0,4.4,31.2752,121.4161,31.2692,121.4324
18999,122,77.0,79.0,34.0,4.7,31.2758,121.4751,31.2749,121.492
17607,123,22.0,44.0,48.0,5.800000000000001,31.2223,121.4209,31.2429,121.4405
14715,123,31.0,33.0,38.0,5.1,31.2324,121.4117,31.232,121.4331
27439,123,93.0,93.0,27.0,3.6,31.2949,121.4341,31.2987,121.4359
25888,123,31.0,12.0,46.0,5.6000000000000005,31.2324,121.4117,31.2144,121.4289
12217,123,10.0,22.0,48.0,5.9,31.2112,121.4006,31.2271,121.4262
20120,123,35.0,36.0,26.0,4.1,31.2383,121.459,31.2346,121.4622
17363,123,27.0,8.0,46.0,5.6000000000000005,31.2285,121.4757,31.2034,121.487
3478,123,6.0,17.0,34.0,5.1000000000000005,31.2059,121.4635,31.22,121.4708
22874,123,6.0,6.0,29.0,4.1,31.2014,121.4688,31.2058,121.4621
23460,123,68.0,57.0,44.0,5.7,31.2653,121.4889,31.2503,121.4717
25208,123,31.0,22.0,39.0,4.699999999999999,31.2359,121.4171,31.2226,121.4297
27406,123,43.0,34.0,35.0,4.4,31.2448,121.434,31.2338,121.4445
12374,123,31.0,22.0,32.0,4.4,31.2321,121.4142,31.2265,121.422
11329,123,45.0,46.0,34.0,5.1000000000000005,31.2405,121.4541,31.2472,121.469
8055,123,25.0,44.0,45.0,5.5,31.2293,121.4595,31.249,121.4457
33423,123,75.0,52.0,55.0,6.7,31.2799,121.4537,31.2576,121.4221
31944,123,27.0,38.0,35.0,4.9,31.2243,121.4731,31.2306,121.4887
18657,124,84.0,93.0,31.0,4.5,31.2884,121.4409,31.2902,121.4321
19833,124,25.0,26.0,31.0,4.4,31.2273,121.455,31.2285,121.4639
4128,124,77.0,78.0,29.0,3.8,31.2747,121.4778,31.2746,121.4881
5729,124,77.0,86.0,30.0,4.1,31.2763,121.4703,31.282,121.4666
7852,124,62.0,72.0,28.0,4.2,31.2673,121.4237,31.2755,121.4264
9725,124,75.0,76.0,24.0,3.8,31.2716,121.4597,31.2705,121.4626
12571,124,25.0,24.0,26.0,4.0,31.2255,121.4508,31.2233,121.4496
30487,124,16.0,14.0,39.0,4.8,31.2163,121.4699,31.2162,121.4498
584,124,24.0,14.0,30.0,4.4,31.2229,121.4434,31.2143,121.4465
27868,124,27.0,27.0,29.0,4.0,31.2285,121.4757,31.2212,121.471
29022,124,68.0,49.0,44.0,6.0,31.2623,121.4815,31.241,121.4967
16188,124,68.0,49.0,44.0,5.6,31.2653,121.4889,31.2435,121.4943
28770,124,47.0,57.0,31.0,4.1,31.2428,121.4735,31.2532,121.4762
38239,124,25.0,24.0,32.0,4.5,31.2285,121.4504,31.2213,121.4417
28901,124,6.0,6.0,27.0,4.0,31.2029,121.4614,31.2084,121.4601
17324,125,5.0,6.0,32.0,4.9,31.2078,121.4564,31.2006,121.4684
29870,125,75.0,64.0,37.0,5.199999999999999,31.2788,121.4563,31.2642,121.4443
17753,125,75.0,75.0,26.0,4.0,31.275,121.4573,31.2767,121.4599
30586,125,75.0,85.0,38.0,4.800000000000001,31.2743,121.4511,31.289,121.4547
9199,125,24.0,25.0,32.0,4.800000000000001,31.2213,121.4438,31.2232,121.4586
4527,125,15.0,13.0,45.0,5.7,31.2163,121.4588,31.2198,121.43
22339,125,71.0,60.0,41.0,5.0,31.279,121.4146,31.263,121.404
33034,125,36.0,44.0,40.0,5.2,31.2364,121.4628,31.2469,121.442
37708,125,35.0,32.0,49.0,5.9,31.2343,121.4579,31.233,121.4252
21562,125,88.0,79.0,38.0,4.699999999999999,31.2842,121.4866,31.2716,121.4998
13734,125,25.0,5.0,34.0,4.5,31.2211,121.4565,31.2064,121.4561
35052,125,75.0,63.0,47.0,6.0,31.2728,121.4597,31.2613,121.4318
32643,125,98.0,78.0,45.0,6.0,31.2985,121.4828,31.2721,121.4889
3680,125,18.0,9.0,38.0,4.9,31.2192,121.4808,31.2022,121.4919
22577,125,75.0,75.0,28.0,4.1,31.2761,121.457,31.2797,121.4595
12452,125,68.0,66.0,36.0,4.6,31.2623,121.4815,31.262,121.4626
6124,126,25.0,25.0,27.0,4.1,31.2283,121.4558,31.2242,121.4578
12024,126,10.0,0.0,30.0,4.7,31.2112,121.4006,31.2034,121.4082
10584,126,25.0,33.0,40.0,5.3,31.2245,121.4598,31.2356,121.4385
2496,126,35.0,25.0,28.0,3.8,31.2302,121.453,31.2279,121.4519
7931,126,75.0,52.0,48.0,5.7,31.2701,121.4523,31.2596,121.4258
36252,126,25.0,33.0,45.0,6.0,31.2293,121.4595,31.2389,121.4316
3661,126,49.0,69.0,41.0,5.5,31.244,121.4954,31.2647,121.4972
16768,126,31.0,31.0,24.0,3.7,31.2303,121.4121,31.2308,121.41
32520,126,6.0,15.0,27.0,3.6,31.2098,121.4619,31.212,121.4549
12335,126,18.0,29.0,32.0,3.8,31.219,121.4885,31.2263,121.4902
28265,126,67.0,75.0,42.0,5.2,31.262,121.475,31.2704,121.4514
20765,126,75.0,52.0,56.0,6.4,31.2764,121.457,31.2549,121.4208
14838,126,68.0,58.0,35.0,4.6000000000000005,31.2626,121.4855,31.2512,121.485
7275,126,75.0,65.0,30.0,3.6,31.2718,121.457,31.2688,121.4515
7282,126,75.0,65.0,27.0,4.1,31.2713,121.4523,31.2669,121.458
6953,126,75.0,64.0,29.0,4.1,31.2704,121.4521,31.2684,121.4443
38167,127,77.0,57.0,44.0,5.1,31.2724,121.4785,31.2508,121.4727
30120,127,6.0,18.0,44.0,5.3,31.2079,121.4604,31.2115,121.4844
1103,127,11.0,10.0,30.0,4.0,31.21,121.4144,31.2191,121.4099
8937,127,11.0,10.0,32.0,4.5,31.211,121.4102,31.2189,121.4057
37813,127,69.0,68.0,36.0,4.7,31.2616,121.4932,31.2692,121.48
28909,127,75.0,63.0,38.0,5.3,31.2701,121.4523,31.2642,121.4317
32339,127,25.0,35.0,36.0,4.8,31.222,121.4577,31.2374,121.4518
10123,127,25.0,23.0,36.0,4.6000000000000005,31.228,121.4563,31.2296,121.4399
2665,127,11.0,12.0,34.0,4.9,31.2171,121.414,31.2162,121.4291
9668,127,75.0,65.0,26.0,4.1,31.2706,121.4532,31.2649,121.455
1387,127,31.0,31.0,32.0,4.4,31.23,121.4159,31.2397,121.4184
35336,127,75.0,65.0,33.0,4.800000000000001,31.275,121.4573,31.2624,121.4583
22469,127,75.0,65.0,29.0,4.3,31.275,121.4573,31.2674,121.4531
25561,128,75.0,56.0,36.0,4.9,31.2716,121.4597,31.2582,121.4662
24604,128,11.0,12.0,29.0,4.2,31.2162,121.419,31.22,121.4282
19911,128,23.0,13.0,32.0,4.6,31.2256,121.438,31.2175,121.4305
29913,128,11.0,1.0,33.0,4.5,31.2152,121.4171,31.2061,121.4124
6422,128,34.0,34.0,30.0,4.0,31.2398,121.4443,31.2316,121.4422
26578,128,24.0,24.0,27.0,3.5,31.2252,121.4493,31.2212,121.4492
16765,128,68.0,69.0,28.0,4.0,31.2653,121.4889,31.2648,121.4954
6802,128,71.0,52.0,46.0,6.0,31.2796,121.4179,31.2544,121.4281
33728,128,15.0,15.0,24.0,3.4,31.2155,121.4508,31.2185,121.4513
19893,128,45.0,54.0,35.0,4.9,31.2457,121.4558,31.255,121.4443
17298,128,68.0,46.0,47.0,6.1000000000000005,31.2644,121.4848,31.2487,121.4618
6036,128,6.0,6.0,24.0,3.5,31.2014,121.4688,31.2013,121.464
1606,128,35.0,35.0,26.0,4.1,31.2383,121.459,31.2391,121.4531
2031,129,1.0,1.0,26.0,3.6,31.208,121.4187,31.2052,121.4122
37361,129,35.0,34.0,34.0,4.800000000000001,31.2344,121.4596,31.2366,121.4435
23638,129,31.0,32.0,31.0,4.2,31.2324,121.4117,31.2364,121.423
10194,129,6.0,8.0,35.0,4.6000000000000005,31.2063,121.4679,31.2082,121.4826
34135,129,44.0,45.0,28.0,4.5,31.2448,121.4493,31.248,121.457
6739,129,27.0,17.0,30.0,4.1,31.2243,121.4731,31.2194,121.4787
331,129,33.0,34.0,35.0,4.4,31.2388,121.4312,31.2312,121.4455
24392,129,7.0,6.0,32.0,4.4,31.2032,121.4777,31.2044,121.4686
37773,129,2.0,1.0,33.0,4.6,31.205,121.4216,31.2037,121.4107
4417,129,75.0,65.0,34.0,4.9,31.2781,121.4502,31.2668,121.4592
31928,129,35.0,45.0,34.0,4.7,31.2344,121.4596,31.2453,121.4567
18956,129,25.0,34.0,35.0,5.1000000000000005,31.2257,121.4505,31.2384,121.4419
14000,129,35.0,24.0,36.0,4.4,31.2378,121.4568,31.2255,121.4462
38178,130,11.0,10.0,32.0,4.2,31.2138,121.42,31.2102,121.4087
8428,130,75.0,41.0,63.0,7.9,31.2754,121.4501,31.2403,121.4137
5462,130,33.0,53.0,42.0,5.5,31.231,121.4369,31.2503,121.4314
24917,130,71.0,72.0,28.0,3.7,31.2786,121.4165,31.2779,121.42
17587,130,66.0,66.0,27.0,3.6,31.2641,121.4606,31.2601,121.4618
15652,130,75.0,74.0,30.0,4.7,31.275,121.4573,31.275,121.4449
11926,130,25.0,27.0,37.0,4.6,31.2293,121.4595,31.2241,121.4772
9134,130,61.0,60.0,32.0,4.2,31.2619,121.418,31.2699,121.4053
32903,130,62.0,53.0,35.0,4.9,31.2673,121.4237,31.2568,121.437
6527,130,61.0,71.0,27.0,3.6,31.2651,121.4146,31.2713,121.4163
35648,130,77.0,67.0,37.0,4.4,31.2784,121.4785,31.2638,121.4735
7877,130,13.0,30.0,51.0,6.6,31.2106,121.4369,31.2332,121.4085
17682,130,43.0,34.0,35.0,4.800000000000001,31.244,121.432,31.2391,121.4458
12874,130,44.0,54.0,39.0,5.0,31.241,121.448,31.2573,121.4439
22157,131,75.0,74.0,31.0,4.2,31.2785,121.4508,31.2778,121.4424
21150,131,35.0,26.0,41.0,4.9,31.2397,121.4545,31.224,121.4658
568,131,35.0,45.0,36.0,4.5,31.2308,121.4559,31.2425,121.4556
28864,131,24.0,24.0,30.0,3.7,31.2266,121.4427,31.2213,121.4417
35588,131,69.0,78.0,40.0,5.0,31.2632,121.498,31.2789,121.4852
9945,131,77.0,66.0,31.0,4.0,31.2718,121.4719,31.2634,121.4649
3196,131,24.0,24.0,28.0,3.7,31.2244,121.4482,31.2207,121.4494
11922,131,25.0,25.0,26.0,4.3,31.2205,121.4529,31.2249,121.4557
15229,131,75.0,63.0,42.0,5.2,31.2788,121.4563,31.2675,121.4346
37367,131,25.0,35.0,28.0,3.8,31.228,121.4563,31.2362,121.4576
9920,131,69.0,78.0,33.0,4.9,31.2619,121.4929,31.2707,121.4823
27140,131,57.0,58.0,26.0,4.0,31.2539,121.4757,31.2503,121.4815
36569,132,77.0,68.0,40.0,4.699999999999999,31.2709,121.4737,31.2611,121.4891
27586,132,35.0,44.0,33.0,4.5,31.2323,121.4515,31.2425,121.4435
27890,132,84.0,83.0,26.0,4.1,31.2883,121.4429,31.2847,121.4398
299,132,31.0,42.0,34.0,4.3,31.2359,121.4171,31.2462,121.4232
23717,132,54.0,43.0,32.0,4.2,31.2541,121.4465,31.2448,121.4368
35747,132,11.0,12.0,34.0,4.5,31.2154,121.4175,31.2148,121.43
16026,132,23.0,22.0,34.0,4.4,31.2221,121.4345,31.2284,121.425
3994,132,44.0,44.0,24.0,3.4,31.2448,121.4493,31.2422,121.4476
27078,132,31.0,40.0,30.0,4.4,31.2335,121.4105,31.2414,121.406
32652,132,75.0,56.0,48.0,5.5,31.2754,121.4501,31.2548,121.4675
19473,132,12.0,13.0,31.0,4.5,31.215,121.4262,31.21,121.4334
12853,132,25.0,24.0,35.0,4.5,31.2218,121.4565,31.2261,121.441
18209,132,31.0,30.0,24.0,3.5,31.2323,121.4107,31.2343,121.4097
27402,133,10.0,10.0,32.0,4.2,31.2115,121.4025,31.2186,121.4059
20466,133,75.0,63.0,36.0,4.4,31.2714,121.4541,31.2659,121.438
27136,133,31.0,52.0,46.0,5.6000000000000005,31.236,121.4187,31.2586,121.4249
27227,133,11.0,23.0,35.0,4.800000000000001,31.215,121.4193,31.2231,121.4343
10918,133,34.0,34.0,32.0,4.1,31.2396,121.4488,31.232,121.442
12063,133,16.0,5.0,36.0,4.9,31.2163,121.4699,31.2099,121.4542
19081,133,6.0,5.0,30.0,4.1,31.2051,121.4607,31.2001,121.4555
1734,133,10.0,10.0,31.0,4.5,31.2112,121.4006,31.2195,121.4094
16283,133,77.0,88.0,42.0,5.0,31.2716,121.4736,31.2898,121.4838
3446,133,77.0,77.0,24.0,4.0,31.2769,121.4718,31.2796,121.4741
4975,133,11.0,22.0,36.0,4.8,31.2171,121.414,31.2273,121.4283
37648,133,18.0,8.0,34.0,4.800000000000001,31.2137,121.4818,31.2015,121.4898
498,133,6.0,5.0,34.0,4.4,31.2076,121.4654,31.2071,121.4527
11470,133,75.0,74.0,34.0,4.7,31.2788,121.4563,31.2705,121.4464
23834,134,27.0,29.0,40.0,5.1,31.2226,121.4737,31.2238,121.4994
6754,134,44.0,33.0,36.0,4.4,31.2444,121.4465,31.2339,121.4369
1576,134,94.0,85.0,40.0,5.1,31.2977,121.4402,31.288,121.4554
30790,134,55.0,45.0,29.0,3.6,31.2527,121.4599,31.2477,121.4548
36665,134,27.0,29.0,40.0,5.1,31.2245,121.4766,31.2223,121.4982
6183,134,73.0,65.0,45.0,5.800000000000001,31.2765,121.4383,31.2626,121.4599
15135,134,35.0,24.0,34.0,5.0,31.2375,121.4595,31.2287,121.4454
481,134,88.0,79.0,29.0,3.6,31.2808,121.4868,31.2769,121.4913
5736,134,27.0,15.0,43.0,5.4,31.225,121.4778,31.2115,121.4588
21613,134,6.0,6.0,26.0,3.9,31.2029,121.4614,31.206,121.4651
7855,134,31.0,22.0,39.0,4.699999999999999,31.2335,121.4105,31.2242,121.428
7540,134,24.0,24.0,27.0,4.1,31.2234,121.4445,31.2268,121.4456
30765,134,11.0,31.0,42.0,5.4,31.2154,121.4175,31.2368,121.4104
13659,134,27.0,18.0,37.0,5.3,31.2243,121.4731,31.212,121.4864
9724,135,75.0,55.0,44.0,5.0,31.2798,121.4554,31.2589,121.4521
2263,135,31.0,51.0,41.0,5.3,31.23,121.4159,31.2516,121.4184
36445,135,71.0,71.0,26.0,3.4000000000000004,31.2711,121.42,31.2718,121.4177
32288,135,22.0,23.0,26.0,3.8,31.229,121.4257,31.2282,121.4316
19242,135,45.0,36.0,34.0,4.7,31.2435,121.4538,31.2322,121.4608
27234,135,61.0,83.0,49.0,6.199999999999999,31.2619,121.418,31.2844,121.4384
33083,135,45.0,45.0,30.0,3.9,31.2474,121.4528,31.2416,121.4552
14400,135,61.0,83.0,44.0,5.7,31.27,121.4154,31.2872,121.4315
35413,135,75.0,55.0,43.0,5.800000000000001,31.2799,121.4574,31.2574,121.4589
6620,135,22.0,23.0,31.0,4.5,31.228,121.4253,31.2276,121.4352
25889,136,11.0,2.0,37.0,4.4,31.2158,121.4142,31.2038,121.4238
385,136,62.0,53.0,36.0,4.6000000000000005,31.2614,121.4202,31.2547,121.436
321,136,27.0,34.0,46.0,6.199999999999999,31.2285,121.4757,31.2353,121.445
30746,136,48.0,38.0,29.0,3.9,31.2459,121.4837,31.24,121.4827
21817,136,24.0,24.0,26.0,3.6,31.2235,121.4481,31.2253,121.4441
417,136,75.0,84.0,36.0,4.4,31.2751,121.4579,31.2836,121.4488
7033,136,38.0,47.0,38.0,5.0,31.2358,121.4878,31.245,121.4709
19253,136,34.0,45.0,38.0,5.1000000000000005,31.2316,121.4431,31.245,121.452
32449,136,83.0,64.0,47.0,6.0,31.2896,121.4385,31.2647,121.4411
6933,136,75.0,64.0,41.0,5.4,31.2761,121.457,31.2623,121.44
18852,136,22.0,23.0,32.0,4.6,31.2237,121.4242,31.2293,121.4326
26027,136,33.0,12.0,46.0,5.4,31.2388,121.4312,31.2134,121.4274
411,136,75.0,74.0,36.0,4.5,31.2701,121.4523,31.275,121.44
36701,137,24.0,34.0,25.0,3.9,31.2267,121.4488,31.2305,121.4494
28928,137,75.0,64.0,32.0,4.6,31.2754,121.4501,31.2689,121.4423
28902,137,75.0,65.0,37.0,4.4,31.2772,121.453,31.2626,121.4504
32459,137,88.0,97.0,37.0,5.3,31.2827,121.4884,31.2948,121.4739
24956,137,75.0,41.0,70.0,8.3,31.2779,121.4547,31.2409,121.4123
20895,137,25.0,24.0,34.0,4.5,31.2245,121.4598,31.2277,121.4429
4564,137,0.0,10.0,27.0,3.8,31.2093,121.4064,31.2145,121.4066
16102,137,75.0,65.0,34.0,4.2,31.2704,121.4521,31.2603,121.4586
19625,137,88.0,97.0,38.0,4.6,31.2842,121.4866,31.2939,121.4717
18391,137,61.0,60.0,26.0,3.6,31.265,121.4126,31.2692,121.4071
1282,137,22.0,34.0,42.0,5.6,31.228,121.4253,31.2362,121.4477
1257,137,45.0,37.0,41.0,5.5,31.2431,121.4578,31.2307,121.4794
18419,137,34.0,34.0,30.0,3.7,31.2398,121.4443,31.234,121.4463
34029,138,11.0,20.0,34.0,5.0,31.2139,121.4137,31.2255,121.4021
17598,138,12.0,21.0,38.0,4.4,31.2178,121.425,31.2275,121.4135
212,138,75.0,74.0,27.0,3.9,31.2704,121.4521,31.273,121.4473
2429,138,75.0,53.0,46.0,5.5,31.2778,121.4566,31.2565,121.4381
36966,138,11.0,2.0,36.0,5.1000000000000005,31.2109,121.412,31.2034,121.4264
2756,138,34.0,43.0,35.0,4.2,31.2396,121.4488,31.2419,121.4341
27391,138,12.0,12.0,28.0,3.8,31.215,121.4262,31.218,121.4294
553,138,11.0,11.0,25.0,3.8,31.217,121.4109,31.2186,121.4123
9352,138,28.0,9.0,43.0,5.7,31.228,121.4858,31.2065,121.4998
37236,138,49.0,79.0,56.0,6.5,31.244,121.4954,31.2786,121.4995
8957,138,11.0,21.0,28.0,4.2,31.2158,121.4142,31.2212,121.41
15278,138,75.0,52.0,53.0,6.5,31.2799,121.4537,31.2557,121.4244
14557,138,12.0,12.0,26.0,3.7,31.2114,121.4256,31.2173,121.4243
17880,139,44.0,33.0,34.0,4.800000000000001,31.2415,121.4448,31.2327,121.4311
9136,139,71.0,52.0,48.0,5.6,31.2729,121.4109,31.25,121.4277
37008,139,21.0,20.0,34.0,4.7,31.2209,121.4134,31.2294,121.4031
9152,139,75.0,76.0,30.0,3.9,31.2706,121.4532,31.2702,121.4614
38264,139,45.0,35.0,30.0,4.5,31.2427,121.4573,31.2335,121.4532
34322,139,0.0,1.0,34.0,4.5,31.2023,121.4008,31.2064,121.4144
9154,139,75.0,76.0,32.0,4.0,31.2779,121.4523,31.2737,121.4614
12574,139,11.0,22.0,33.0,4.5,31.2155,121.4195,31.2241,121.4275
34804,139,71.0,52.0,41.0,4.8,31.2718,121.4164,31.2524,121.4214
33309,140,11.0,13.0,35.0,4.9,31.2138,121.4194,31.2109,121.4351
30589,140,75.0,75.0,26.0,3.6,31.2755,121.4578,31.2799,121.459
36976,140,31.0,53.0,44.0,5.4,31.2359,121.4171,31.2538,121.436
27878,140,57.0,47.0,32.0,4.2,31.2581,121.4703,31.2477,121.4789
15041,140,57.0,47.0,29.0,3.9,31.2549,121.4759,31.248,121.4778
9716,140,17.0,6.0,34.0,4.4,31.2108,121.4719,31.2032,121.4643
16890,140,71.0,70.0,29.0,3.7,31.2727,121.4137,31.2757,121.4081
10743,140,99.0,97.0,43.0,5.5,31.2929,121.4992,31.2986,121.4714
14914,140,11.0,2.0,36.0,4.6000000000000005,31.2152,121.4171,31.2051,121.4268
14269,140,25.0,24.0,29.0,4.2,31.2205,121.4529,31.2221,121.4461
25146,140,75.0,74.0,35.0,4.800000000000001,31.2755,121.4585,31.2715,121.4432
1362,140,25.0,35.0,35.0,4.5,31.2257,121.4505,31.2395,121.4571
6346,141,41.0,41.0,27.0,3.8,31.2493,121.4176,31.2465,121.4135
32018,141,45.0,45.0,22.0,3.2,31.2431,121.4578,31.2417,121.4593
33768,141,11.0,2.0,38.0,4.6000000000000005,31.2139,121.4166,31.2017,121.4259
30499,141,71.0,62.0,37.0,4.4,31.2761,121.4138,31.2662,121.4277
1801,141,77.0,97.0,42.0,5.5,31.2784,121.4785,31.2974,121.4734
14432,141,35.0,46.0,36.0,4.6,31.2351,121.4544,31.2441,121.4697
18207,141,30.0,31.0,32.0,4.2,31.239,121.4026,31.2334,121.416
1479,141,57.0,59.0,32.0,4.9,31.2565,121.4763,31.2593,121.4906
9579,141,12.0,3.0,30.0,3.8,31.2187,121.4298,31.21,121.4323
15634,142,18.0,8.0,38.0,5.0,31.219,121.4885,31.2019,121.4873
26640,142,45.0,65.0,43.0,5.4,31.2433,121.4554,31.2656,121.4519
1924,142,27.0,27.0,25.0,3.6,31.2245,121.4766,31.224,121.4745
32837,142,87.0,97.0,35.0,4.9,31.284,121.4715,31.2943,121.4796
10185,142,43.0,54.0,34.0,4.5,31.2482,121.4385,31.26,121.4478
21062,142,25.0,25.0,25.0,4.0,31.2255,121.4508,31.2223,121.4515
30954,142,31.0,30.0,32.0,4.2,31.2304,121.4128,31.2351,121.4062
30477,143,32.0,44.0,43.0,5.4,31.2397,121.4253,31.2409,121.4495
9208,143,24.0,35.0,37.0,5.199999999999999,31.221,121.4415,31.2319,121.4576
6743,143,27.0,26.0,26.0,3.7,31.222,121.4722,31.2261,121.4696
16484,143,15.0,16.0,36.0,4.7,31.2146,121.4536,31.2173,121.4668
37313,143,48.0,59.0,30.0,4.3,31.2465,121.4877,31.2516,121.4979
21837,143,75.0,75.0,27.0,3.9,31.2709,121.4555,31.2768,121.4563
3720,143,75.0,65.0,31.0,4.0,31.279,121.4546,31.2688,121.4567
18082,144,54.0,63.0,32.0,4.4,31.2597,121.4484,31.2621,121.4375
25752,144,67.0,77.0,32.0,3.8,31.2687,121.4721,31.2738,121.478
18031,144,75.0,85.0,31.0,4.4,31.2747,121.4527,31.2832,121.4533
25901,144,11.0,21.0,30.0,4.1,31.217,121.4109,31.2222,121.4155
32058,144,95.0,88.0,46.0,6.3,31.2984,121.4545,31.2828,121.4824
31152,144,58.0,59.0,38.0,4.5,31.2504,121.4808,31.2569,121.4974
15114,144,24.0,14.0,34.0,4.7,31.2248,121.4449,31.2117,121.4448
35300,144,36.0,45.0,33.0,4.5,31.2311,121.4614,31.2426,121.4593
27547,144,31.0,40.0,42.0,5.1,31.2304,121.4128,31.2465,121.4002
15287,144,18.0,8.0,38.0,5.4,31.2192,121.4808,31.2014,121.4887
33209,145,24.0,25.0,35.0,4.6000000000000005,31.2297,121.4414,31.2233,121.4534
1346,145,24.0,34.0,38.0,4.8,31.2204,121.4481,31.2382,121.4482
28482,145,75.0,74.0,30.0,4.4,31.2779,121.4547,31.2788,121.4444
2602,145,17.0,38.0,47.0,5.800000000000001,31.2124,121.4773,31.2359,121.4896
18083,145,54.0,53.0,30.0,4.2,31.2597,121.4412,31.2592,121.4329
36914,145,25.0,44.0,34.0,4.4,31.2257,121.4505,31.2405,121.4481
5474,145,18.0,6.0,48.0,5.9,31.2194,121.4891,31.2069,121.4615
23372,146,31.0,42.0,41.0,5.3,31.2304,121.4128,31.2439,121.4294
34957,146,24.0,33.0,37.0,5.199999999999999,31.2263,121.4456,31.2399,121.4353
14436,146,35.0,46.0,30.0,4.4,31.2356,121.4518,31.2415,121.4624
16005,146,6.0,6.0,30.0,4.1,31.2025,121.4695,31.2094,121.4607
28839,146,6.0,6.0,28.0,4.2,31.2029,121.4614,31.2044,121.4691
34088,146,75.0,86.0,39.0,5.4,31.2706,121.4532,31.2873,121.4625
8431,146,75.0,85.0,28.0,4.2,31.2787,121.4552,31.2839,121.453
26958,147,25.0,35.0,36.0,4.800000000000001,31.2257,121.4505,31.2371,121.45
36210,147,31.0,31.0,28.0,3.8,31.2335,121.4105,31.2397,121.4166
3370,147,22.0,21.0,28.0,4.3,31.2223,121.4209,31.2239,121.4123
30000,147,11.0,12.0,30.0,3.7,31.2139,121.4137,31.215,121.4204
5185,147,11.0,1.0,31.0,4.4,31.211,121.4102,31.2033,121.4196
3553,147,71.0,60.0,33.0,4.3,31.2796,121.4179,31.2684,121.4095
37605,147,75.0,73.0,37.0,4.800000000000001,31.2779,121.4547,31.278,121.4365
24791,147,75.0,73.0,35.0,4.4,31.2772,121.453,31.2743,121.4383
20122,147,24.0,25.0,29.0,4.0,31.2244,121.4482,31.2266,121.4528
35397,147,75.0,65.0,32.0,4.2,31.2717,121.4558,31.2612,121.4574
24779,147,75.0,75.0,26.0,4.3,31.2755,121.4578,31.2709,121.4592
28464,147,0.0,21.0,42.0,5.5,31.2062,121.4039,31.2284,121.4147
2773,148,24.0,25.0,34.0,4.5,31.221,121.4415,31.2271,121.4552
18801,148,35.0,24.0,39.0,5.3,31.2399,121.4559,31.2255,121.4402
11130,148,75.0,55.0,47.0,6.1000000000000005,31.2785,121.4508,31.2528,121.4565
1066,148,84.0,87.0,41.0,5.5,31.2864,121.4494,31.2872,121.4737
2907,148,89.0,79.0,33.0,4.2,31.2883,121.499,31.2781,121.4978
16311,149,6.0,8.0,31.0,4.3,31.2048,121.4696,31.2081,121.4808
34976,149,25.0,5.0,37.0,4.9,31.22,121.4515,31.207,121.4562
16805,149,69.0,69.0,27.0,3.9,31.2639,121.4922,31.2603,121.4908
11382,149,6.0,7.0,30.0,4.5,31.2014,121.4688,31.2088,121.4709
12411,149,22.0,31.0,39.0,5.3,31.2247,121.4285,31.2389,121.4184
24216,149,6.0,7.0,30.0,4.0,31.204,121.4664,31.2035,121.4728
26068,150,45.0,36.0,34.0,4.5,31.2474,121.4578,31.2365,121.4688
15764,150,25.0,34.0,33.0,4.3,31.2257,121.4503,31.2329,121.4439
24424,150,11.0,11.0,27.0,3.7,31.2139,121.4137,31.2195,121.4159
18714,150,24.0,13.0,36.0,4.800000000000001,31.2297,121.4415,31.2188,121.4341
10300,150,7.0,37.0,52.0,6.7,31.2008,121.4797,31.2328,121.4759
18058,150,11.0,12.0,30.0,4.7,31.2186,121.4139,31.2106,121.421
2603,151,45.0,45.0,34.0,4.6,31.2405,121.4593,31.248,121.452
14799,151,56.0,56.0,24.0,3.2,31.2516,121.4647,31.2525,121.4646
5565,151,45.0,46.0,30.0,4.5,31.2431,121.4578,31.2437,121.4664
12489,151,89.0,78.0,31.0,4.5,31.2859,121.4915,31.2761,121.4879
16704,151,42.0,42.0,31.0,4.1,31.2425,121.4247,31.25,121.4231
23787,152,71.0,71.0,24.0,3.9,31.2706,121.4147,31.2733,121.4187
19214,152,12.0,3.0,35.0,4.5,31.2157,121.4284,31.2019,121.4364
14373,152,34.0,34.0,32.0,4.5,31.238,121.4402,31.2322,121.4482
22082,152,33.0,45.0,45.0,5.7,31.2346,121.4326,31.2471,121.4557
18413,152,25.0,36.0,41.0,5.2,31.221,121.4568,31.2385,121.4637
33990,153,77.0,86.0,33.0,4.9,31.272,121.4726,31.2806,121.4615
2776,153,11.0,11.0,28.0,3.6,31.2162,121.419,31.2197,121.4169
7594,153,58.0,67.0,42.0,5.0,31.251,121.4848,31.2685,121.4716
1243,153,31.0,32.0,30.0,4.1,31.236,121.4187,31.2336,121.4252
1800,153,78.0,87.0,32.0,4.4,31.2746,121.48,31.2807,121.4716
16334,153,6.0,5.0,28.0,3.8,31.2029,121.4614,31.2009,121.4582
3167,154,11.0,12.0,33.0,4.3,31.2109,121.412,31.2175,121.4239
28835,154,11.0,12.0,27.0,3.8,31.2187,121.4147,31.2186,121.4203
18736,154,67.0,78.0,34.0,4.7,31.2624,121.4722,31.2728,121.4851
1886,154,26.0,25.0,33.0,4.2,31.2259,121.4688,31.2239,121.4537
32849,154,25.0,36.0,37.0,4.5,31.221,121.4568,31.2347,121.4601
15606,154,24.0,24.0,30.0,4.0,31.2296,121.4403,31.2242,121.4405
26262,155,52.0,53.0,38.0,5.1,31.252,121.4206,31.2561,121.4389
7723,155,44.0,44.0,34.0,4.1,31.2467,121.4406,31.2403,121.4481
9971,155,84.0,84.0,30.0,3.8,31.2886,121.4405,31.2894,121.4479
13428,155,52.0,53.0,29.0,4.5,31.2512,121.4264,31.2572,121.4341
6437,155,34.0,35.0,36.0,4.7,31.2329,121.4453,31.2329,121.4594
30315,156,33.0,34.0,33.0,4.7,31.231,121.4369,31.2349,121.4483
12649,156,47.0,47.0,26.0,3.7,31.2482,121.4705,31.248,121.4718
12592,156,45.0,56.0,37.0,4.5,31.2433,121.4554,31.256,121.4608
31859,157,77.0,55.0,49.0,6.300000000000001,31.2769,121.4718,31.2514,121.4516
22916,157,13.0,13.0,25.0,3.6,31.2133,121.4319,31.2125,121.4311
8581,157,37.0,35.0,40.0,5.5,31.2307,121.4767,31.2389,121.4565
1765,157,77.0,76.0,31.0,4.7,31.2778,121.4774,31.2797,121.4661
20024,158,58.0,57.0,34.0,4.4,31.2585,121.4861,31.2514,121.479
5040,158,30.0,31.0,33.0,4.3,31.239,121.4026,31.2341,121.417
5925,159,95.0,96.0,30.0,4.3,31.2984,121.4545,31.2986,121.4633
33552,159,77.0,77.0,25.0,4.1,31.2779,121.4787,31.2783,121.4737
20139,160,28.0,28.0,23.0,3.8,31.228,121.4858,31.2264,121.4867
25611,160,6.0,7.0,36.0,4.2,31.2051,121.4607,31.2034,121.4748
5170,161,11.0,1.0,30.0,3.8,31.2141,121.4105,31.2058,121.4141
3471,161,15.0,26.0,42.0,4.8,31.2146,121.4536,31.2295,121.4668
13064,161,11.0,12.0,34.0,4.5,31.2188,121.4152,31.2122,121.4294
6439,162,34.0,33.0,31.0,4.2,31.2329,121.4453,31.2367,121.435
21704,162,56.0,55.0,29.0,4.3,31.2571,121.4627,31.2573,121.4527
10181,162,52.0,41.0,36.0,4.800000000000001,31.2512,121.4264,31.244,121.4122
8085,163,78.0,89.0,36.0,4.9,31.2746,121.48,31.2891,121.4911
4945,163,23.0,34.0,33.0,4.2,31.2256,121.438,31.2381,121.4402
3955,164,11.0,10.0,31.0,4.0,31.211,121.4102,31.2182,121.4062
15143,164,3.0,12.0,39.0,4.6,31.2084,121.4345,31.2188,121.4203
15701,164,24.0,26.0,37.0,5.199999999999999,31.2229,121.4434,31.2249,121.4618
28970,165,77.0,65.0,45.0,5.9,31.2747,121.4778,31.2678,121.4502
37491,165,71.0,60.0,31.0,4.5,31.2729,121.4109,31.263,121.4068
37637,166,56.0,48.0,41.0,4.9,31.2571,121.4627,31.2492,121.4837
9768,166,35.0,14.0,39.0,5.0,31.2325,121.4592,31.2146,121.4482
10481,167,11.0,1.0,35.0,4.4,31.2152,121.4171,31.2042,121.4143
